45631
2958
20151005 4524 1 3283 0
20151005 5138 1 6400 0
20151005 5559 1 5042 0
20151005 5301 1 3850 0
20151005 4465 1 4020 0
20151005 6195 1 6019 0
20151005 4866 1 5023 0
20151005 4178 1 4726 0
20151005 5322 1 5762 0
20151005 4568 1 4267 0
20151005 6386 1 5068 0
20151005 5129 1 4750 0
20151005 5218 1 5373 0
20151005 5436 1 6056 0
20151005 5014 1 5229 0
20151005 5440 1 6417 0
20151005 4524 1 5138 0
20151005 5559 1 5301 0
20151005 4465 1 6195 0
20151005 4178 1 4866 0
20151005 5322 1 4568 0
20151005 6386 1 5129 0
20151005 5218 1 5436 0
20151005 5440 1 5014 0
20151005 4524 1 5559 0
20151005 4178 1 4465 0
20151005 5322 1 6386 0
20151005 5440 1 5218 0
20151005 4524 1 4178 0
20151005 5322 1 5440 0
20151005 4524 1 5322 0
20151019 642 1 44742 0
20151019 4594 1 3811 0
20151019 5762 1 5921 0
20151019 4568 1 5014 0
20151019 5347 1 3792 0
20151019 4178 1 4992 0
20151019 6043 1 5792 0
20151019 4267 1 6030 0
20151019 4912 1 9775 0
20151019 4866 1 6408 0
20151019 5628 1 5292 0
20151019 4324 1 5164 0
20151019 4604 1 642 0
20151019 5762 1 4594 0
20151019 4568 1 6056 0
20151019 4178 1 5347 0
20151019 6043 1 4267 0
20151019 4465 1 4912 0
20151019 4866 1 5628 0
20151019 4750 1 4324 0
20151019 4604 1 5762 0
20151019 4568 1 4178 0
20151019 6043 1 4465 0
20151019 4750 1 4866 0
20151019 4604 1 4568 0
20151019 6043 1 4750 0
20151019 4604 1 6043 0
20150720 5529 1 4020 0
20150720 3891 1 5389 0
20150720 4257 1 5044 0
20150720 5569 1 11548 0
20150720 4885 1 5331 0
20150720 5362 1 5792 0
20150720 4919 1 6195 0
20150720 5985 1 4583 0
20150720 5301 1 5873 0
20150720 6417 1 4714 0
20150720 5368 1 6228 0
20150720 4877 1 26129 0
20150720 4787 1 5529 0
20150720 4257 1 3891 0
20150720 6218 1 5569 0
20150720 4885 1 5362 0
20150720 4919 1 5985 0
20150720 5301 1 4309 0
20150720 6417 1 5368 0
20150720 5129 1 4877 0
20150720 4787 1 4257 0
20150720 6218 1 4885 0
20150720 5301 1 4919 0
20150720 5129 1 6417 0
20150720 6218 1 4787 0
20150720 5301 1 5129 0
20150720 6218 1 5301 0
20150816 5322 1 4178 0
20150816 4267 1 4539 0
20150816 5661 1 4227 0
20150816 3331 1 4465 0
20150816 5362 1 6218 0
20150816 6417 1 642 0
20150816 6056 1 4657 0
20150816 11612 1 3915 0
20150816 5653 1 4787 0
20150816 5014 1 4542 0
20150816 3988 1 4662 0
20150816 5055 1 6195 0
20150816 5301 1 4257 0
20150816 6408 1 4919 0
20150816 4750 1 6386 0
20150816 5762 1 4583 0
20150816 5563 1 6030 0
20150816 3886 1 4675 0
20150816 4866 1 4327 0
20150816 4309 1 5164 0
20150816 3850 1 5668 0
20150816 4726 1 4912 0
20150816 6043 1 6201 0
20150816 5129 1 4652 0
20150816 4918 1 5322 0
20150816 5661 1 4267 0
20150816 3331 1 5362 0
20150816 4524 1 6417 0
20150816 5229 1 6056 0
20150816 5653 1 11612 0
20150816 3988 1 5014 0
20150816 4604 1 5055 0
20150816 5218 1 5301 0
20150816 4750 1 6408 0
20150816 5762 1 5563 0
20150816 4911 1 3886 0
20150816 4740 1 4866 0
20150816 3850 1 4309 0
20150816 4726 1 6043 0
20150816 3817 1 5129 0
20150816 4918 1 5661 0
20150816 4524 1 3331 0
20150816 5229 1 5653 0
20150816 4604 1 3988 0
20150816 4750 1 5218 0
20150816 4911 1 5762 0
20150816 3850 1 4740 0
20150816 3817 1 4726 0
20150816 4918 1 4524 0
20150816 5229 1 4604 0
20150816 4911 1 4750 0
20150816 3817 1 3850 0
20150816 4918 1 5229 0
20150816 3817 1 4911 0
20150816 3817 1 4918 0
20151011 5362 1 5571 0
20151011 6218 1 4227 0
20151011 3850 1 5708 0
20151011 4750 1 4178 0
20151011 5563 1 4617 0
20151011 6056 1 4267 0
20151011 5436 1 4309 0
20151011 5661 1 4421 0
20151011 4542 1 5164 0
20151011 4465 1 5917 0
20151011 4912 1 5329 0
20151011 6043 1 3995 0
20151011 3331 1 4866 0
20151011 5129 1 4196 0
20151011 5668 1 5055 0
20151011 5218 1 5827 0
20151011 6417 1 5229 0
20151011 4675 1 4652 0
20151011 6386 1 4885 0
20151011 4919 1 5301 0
20151011 4726 1 3161 0
20151011 4539 1 3988 0
20151011 3605 1 5373 0
20151011 5068 1 5014 0
20151011 4918 1 5362 0
20151011 3850 1 6218 0
20151011 4750 1 5563 0
20151011 6056 1 3968 0
20151011 4911 1 5436 0
20151011 4542 1 5661 0
20151011 4465 1 4912 0
20151011 4604 1 6043 0
20151011 4740 1 3331 0
20151011 5668 1 5129 0
20151011 5218 1 6417 0
20151011 4524 1 4675 0
20151011 5440 1 6386 0
20151011 4726 1 4919 0
20151011 4539 1 3605 0
20151011 5068 1 3817 0
20151011 4918 1 3850 0
20151011 6056 1 4750 0
20151011 4911 1 4542 0
20151011 4604 1 4465 0
20151011 4740 1 5668 0
20151011 4524 1 5218 0
20151011 4726 1 5440 0
20151011 4539 1 5068 0
20151011 4918 1 6056 0
20151011 4911 1 4604 0
20151011 4740 1 4524 0
20151011 4539 1 4726 0
20151011 4918 1 4911 0
20151011 4539 1 4740 0
20151011 4918 1 4539 0
20151102 5055 1 4556 0
20151102 5322 1 4787 0
20151102 5129 1 5717 0
20151102 4271 1 3331 0
20151102 6056 1 4919 0
20151102 4675 1 6043 0
20151102 6218 1 5164 0
20151102 4583 1 4196 0
20151102 5229 1 6195 0
20151102 5762 1 5792 0
20151102 5368 1 4714 0
20151102 4309 1 4652 0
20151102 4866 1 6283 0
20151102 4912 1 5362 0
20151102 5569 1 3915 0
20151102 6417 1 4267 0
20151102 4918 1 5055 0
20151102 4465 1 5322 0
20151102 4539 1 5129 0
20151102 4604 1 4271 0
20151102 4524 1 6056 0
20151102 4675 1 3850 0
20151102 4726 1 6218 0
20151102 4740 1 4583 0
20151102 3968 1 5229 0
20151102 5762 1 5218 0
20151102 4542 1 5368 0
20151102 3817 1 4309 0
20151102 5440 1 4866 0
20151102 4750 1 4912 0
20151102 5661 1 5569 0
20151102 4911 1 6417 0
20151102 4918 1 4465 0
20151102 4604 1 4539 0
20151102 4524 1 4675 0
20151102 4740 1 4726 0
20151102 3968 1 5762 0
20151102 4542 1 3817 0
20151102 4750 1 5440 0
20151102 4911 1 5661 0
20151102 4918 1 4604 0
20151102 4524 1 4740 0
20151102 3968 1 4542 0
20151102 4911 1 4750 0
20151102 4918 1 4524 0
20151102 4911 1 3968 0
20151102 4918 1 4911 0
20150420 4556 1 5792 0
20150420 5301 1 4925 0
20150420 6133 1 5513 0
20150420 5055 1 5207 0
20150420 3605 1 6218 0
20150420 4335 1 5282 0
20150420 5053 1 5145 0
20150420 4714 1 4591 0
20150420 5322 1 44754 0
20150420 5708 1 5901 0
20150420 11236 1 5208 0
20150420 3654 1 5562 0
20150420 4940 1 4863 0
20150420 4662 1 5068 0
20150420 26129 1 4267 0
20150420 4594 1 3891 0
20150420 5440 1 4556 0
20150420 5044 1 5301 0
20150420 4652 1 6133 0
20150420 5129 1 5055 0
20150420 3605 1 5218 0
20150420 5362 1 4335 0
20150420 3988 1 5053 0
20150420 4714 1 4539 0
20150420 5322 1 5199 0
20150420 4257 1 5708 0
20150420 11236 1 6386 0
20150420 3968 1 3654 0
20150420 3850 1 4940 0
20150420 4662 1 4912 0
20150420 4919 1 26129 0
20150420 4740 1 4594 0
20150420 5440 1 5044 0
20150420 5129 1 4652 0
20150420 5362 1 3605 0
20150420 3988 1 4714 0
20150420 4257 1 5322 0
20150420 3968 1 11236 0
20150420 4662 1 3850 0
20150420 4919 1 4740 0
20150420 5440 1 5129 0
20150420 5362 1 3988 0
20150420 3968 1 4257 0
20150420 4662 1 4919 0
20150420 5440 1 5362 0
20150420 4662 1 3968 0
20150420 5440 1 4662 0
20150427 3811 1 4940 0
20150427 4590 1 17391 0
20150427 5053 1 4868 0
20150427 26129 1 5985 0
20150427 3779 1 4324 0
20150427 6028 1 4877 0
20150427 5055 1 4020 0
20150427 4792 1 5322 0
20150427 4556 1 5708 0
20150427 4468 1 4885 0
20150427 5569 1 6408 0
20150427 4972 1 5917 0
20150427 3817 1 3811 0
20150427 4590 1 5053 0
20150427 5044 1 26129 0
20150427 6028 1 3779 0
20150427 5055 1 4792 0
20150427 4652 1 4556 0
20150427 4468 1 5569 0
20150427 5762 1 4972 0
20150427 3817 1 4590 0
20150427 6028 1 5044 0
20150427 4652 1 5055 0
20150427 5762 1 4468 0
20150427 3817 1 6028 0
20150427 4652 1 5762 0
20150427 3817 1 4652 0
20150629 4918 1 4257 0
20150629 3811 1 3718 0
20150629 5717 1 11238 0
20150629 6056 1 5513 0
20150629 4912 1 6408 0
20150629 4714 1 4383 0
20150629 4940 1 5653 0
20150629 4726 1 6283 0
20150629 5218 1 5640 0
20150629 5562 1 4885 0
20150629 5042 1 5627 0
20150629 4542 1 4421 0
20150629 6030 1 4652 0
20150629 642 1 4556 0
20150629 5044 1 5145 0
20150629 5440 1 4617 0
20150629 4524 1 5301 0
20150629 3605 1 3792 0
20150629 4267 1 5362 0
20150629 6218 1 4531 0
20150629 5347 1 3988 0
20150629 4568 1 5373 0
20150629 6266 1 4591 0
20150629 5661 1 4544 0
20150629 5762 1 5628 0
20150629 5436 1 5032 0
20150629 4925 1 5428 0
20150629 4750 1 6276 0
20150629 6386 1 6028 0
20150629 4335 1 4250 0
20150629 3161 1 5569 0
20150629 5668 1 4590 0
20150629 4863 1 4560 0
20150629 6195 1 3891 0
20150629 5563 1 4669 0
20150629 4919 1 5056 0
20150629 4675 1 4868 0
20150629 5368 1 3283 0
20150629 4457 1 4227 0
20150629 4740 1 5055 0
20150629 4539 1 4178 0
20150629 5068 1 4792 0
20150629 5229 1 6363 0
20150629 3331 1 11236 0
20150629 4309 1 5441 0
20150629 6417 1 4657 0
20150629 4892 1 4266 0
20150629 4911 1 5053 0
20150629 4604 1 4866 0
20150629 3915 1 5921 0
20150629 4583 1 5199 0
20150629 4662 1 4196 0
20150629 4787 1 5792 0
20150629 5164 1 3580 0
20150629 4877 1 5207 0
20150629 4465 1 4594 0
20150629 3850 1 4324 0
20150629 5917 1 5474 0
20150629 5322 1 4020 0
20150629 5129 1 5065 0
20150629 5023 1 6043 0
20150629 5887 1 4289 0
20150629 5014 1 4990 0
20150629 3817 1 5985 0
20150629 4918 1 3811 0
20150629 6056 1 5717 0
20150629 4912 1 4714 0
20150629 4726 1 4940 0
20150629 5218 1 5562 0
20150629 4542 1 5042 0
20150629 6030 1 642 0
20150629 5044 1 5440 0
20150629 4524 1 3605 0
20150629 4267 1 6218 0
20150629 4568 1 5347 0
20150629 5661 1 6266 0
20150629 5762 1 5436 0
20150629 4750 1 4925 0
20150629 6386 1 4335 0
20150629 5668 1 3161 0
20150629 4863 1 6195 0
20150629 5563 1 4919 0
20150629 4675 1 5368 0
20150629 4457 1 4740 0
20150629 4539 1 5068 0
20150629 3331 1 5229 0
20150629 4309 1 6417 0
20150629 4911 1 4892 0
20150629 4604 1 3915 0
20150629 4662 1 4583 0
20150629 4787 1 5164 0
20150629 4465 1 4877 0
20150629 5917 1 3850 0
20150629 5129 1 5322 0
20150629 5023 1 5887 0
20150629 3817 1 5014 0
20150629 4918 1 6056 0
20150629 4726 1 4912 0
20150629 5218 1 4542 0
20150629 6030 1 5044 0
20150629 4524 1 4267 0
20150629 5661 1 4568 0
20150629 4750 1 5762 0
20150629 6386 1 5668 0
20150629 5563 1 4863 0
20150629 4675 1 4457 0
20150629 3331 1 4539 0
20150629 4911 1 4309 0
20150629 4604 1 4662 0
20150629 4465 1 4787 0
20150629 5129 1 5917 0
20150629 3817 1 5023 0
20150629 4918 1 4726 0
20150629 5218 1 6030 0
20150629 4524 1 5661 0
20150629 4750 1 6386 0
20150629 5563 1 4675 0
20150629 4911 1 3331 0
20150629 4465 1 4604 0
20150629 3817 1 5129 0
20150629 4918 1 5218 0
20150629 4750 1 4524 0
20150629 4911 1 5563 0
20150629 3817 1 4465 0
20150629 4918 1 4750 0
20150629 3817 1 4911 0
20150629 4918 1 3817 0
20150202 5282 1 5474 0
20150202 11832 1 5262 0
20150202 5569 1 4560 0
20150202 5575 1 4885 0
20150202 4266 1 5145 0
20150202 3891 1 4626 0
20150202 3605 1 4005 0
20150202 5937 1 5526 0
20150202 4590 1 5901 0
20150202 5055 1 4115 0
20150202 4544 1 5559 0
20150202 3654 1 6017 0
20150202 3850 1 5282 0
20150202 5569 1 11832 0
20150202 4267 1 5575 0
20150202 3891 1 4266 0
20150202 3605 1 5937 0
20150202 5362 1 4590 0
20150202 5055 1 4544 0
20150202 3654 1 5044 0
20150202 3850 1 5569 0
20150202 4267 1 3891 0
20150202 3605 1 5362 0
20150202 5055 1 3654 0
20150202 3850 1 4267 0
20150202 3605 1 5055 0
20150202 3605 1 3850 0
20150810 5055 1 4652 0
20150810 6043 1 5164 0
20150810 5762 1 5229 0
20150810 4583 1 4726 0
20150810 5199 1 6218 0
20150810 5373 1 6030 0
20150810 6386 1 4267 0
20150810 5563 1 4227 0
20150810 4542 1 3792 0
20150810 4866 1 3915 0
20150810 4912 1 11238 0
20150810 3331 1 5653 0
20150810 4657 1 6275 0
20150810 4020 1 4675 0
20150810 4465 1 4309 0
20150810 5661 1 5436 0
20150810 5014 1 5362 0
20150810 4662 1 4430 0
20150810 6056 1 5301 0
20150810 5129 1 4383 0
20150810 4539 1 6417 0
20150810 4787 1 4919 0
20150810 4178 1 5220 0
20150810 3988 1 3850 0
20150810 4918 1 5055 0
20150810 6043 1 5762 0
20150810 5199 1 4583 0
20150810 5373 1 4604 0
20150810 6386 1 4524 0
20150810 4542 1 5563 0
20150810 4866 1 4912 0
20150810 3331 1 5668 0
20150810 4740 1 4657 0
20150810 4020 1 4465 0
20150810 5661 1 5014 0
20150810 5440 1 4662 0
20150810 6056 1 5218 0
20150810 4539 1 5129 0
20150810 4178 1 4787 0
20150810 4911 1 3988 0
20150810 4918 1 6043 0
20150810 5199 1 5373 0
20150810 4542 1 6386 0
20150810 4866 1 3331 0
20150810 4740 1 4020 0
20150810 5440 1 5661 0
20150810 4539 1 6056 0
20150810 4911 1 4178 0
20150810 4918 1 5199 0
20150810 4866 1 4542 0
20150810 5440 1 4740 0
20150810 4911 1 4539 0
20150810 4918 1 4866 0
20150810 4911 1 5440 0
20150810 4911 1 4918 0
20150928 3283 1 5207 0
20150928 5053 1 6353 0
20150928 5418 1 4675 0
20150928 5301 1 4305 0
20150928 3792 1 5023 0
20150928 4866 1 642 0
20150928 6386 1 5044 0
20150928 5138 1 3811 0
20150928 5917 1 4868 0
20150928 5563 1 6019 0
20150928 4568 1 4594 0
20150928 4992 1 4327 0
20150928 3968 1 3283 0
20150928 5053 1 5418 0
20150928 5762 1 5301 0
20150928 3792 1 4866 0
20150928 6386 1 5138 0
20150928 3331 1 5917 0
20150928 5563 1 4568 0
20150928 3850 1 4992 0
20150928 3968 1 5053 0
20150928 3792 1 5762 0
20150928 6386 1 3331 0
20150928 3850 1 5563 0
20150928 3968 1 3792 0
20150928 3850 1 6386 0
20150928 3968 1 3850 0
20150517 5887 1 26242 0
20150517 6417 1 5023 0
20150517 5902 1 6056 0
20150517 6283 1 5056 0
20150517 5014 1 5065 0
20150517 4335 1 5322 0
20150517 6386 1 5053 0
20150517 6218 1 3605 0
20150517 5229 1 4657 0
20150517 5569 1 6043 0
20150517 5792 1 11541 0
20150517 5436 1 5021 0
20150517 5887 1 11495 0
20150517 6417 1 5902 0
20150517 4912 1 6283 0
20150517 4335 1 5014 0
20150517 6218 1 6386 0
20150517 5199 1 5229 0
20150517 5569 1 5792 0
20150517 4542 1 5436 0
20150517 6417 1 5887 0
20150517 4912 1 4335 0
20150517 6218 1 5199 0
20150517 4542 1 5569 0
20150517 4912 1 6417 0
20150517 6218 1 4542 0
20150517 6218 1 4912 0
20150209 4911 1 3915 0
20150209 5563 1 4257 0
20150209 4866 1 3896 0
20150209 4465 1 5301 0
20150209 4604 1 4730 0
20150209 4309 1 4892 0
20150209 4787 1 4271 0
20150209 5129 1 642 0
20150209 5762 1 3906 0
20150209 4178 1 5661 0
20150209 4196 1 4792 0
20150209 4524 1 4616 0
20150209 6218 1 5199 0
20150209 4657 1 4714 0
20150209 4617 1 4583 0
20150209 5668 1 5708 0
20150209 4911 1 5563 0
20150209 4465 1 4866 0
20150209 4604 1 4309 0
20150209 4787 1 5129 0
20150209 4178 1 5762 0
20150209 4524 1 4196 0
20150209 4657 1 6218 0
20150209 5668 1 4617 0
20150209 4465 1 4911 0
20150209 4604 1 4787 0
20150209 4524 1 4178 0
20150209 5668 1 4657 0
20150209 4604 1 4465 0
20150209 4524 1 5668 0
20150209 4524 1 4604 0
20150105 6417 1 4892 0
20150105 11236 1 4990 0
20150105 4178 1 4271 0
20150105 5562 1 4560 0
20150105 6195 1 4817 0
20150105 4885 1 4714 0
20150105 4227 1 4497 0
20150105 5792 1 5282 0
20150105 5365 1 4266 0
20150105 4196 1 5526 0
20150105 5138 1 6353 0
20150105 5368 1 5032 0
20150105 4524 1 6417 0
20150105 4178 1 11236 0
20150105 5661 1 5562 0
20150105 4885 1 6195 0
20150105 4227 1 5792 0
20150105 5129 1 5365 0
20150105 4196 1 5138 0
20150105 5368 1 3850 0
20150105 4524 1 4178 0
20150105 5661 1 4885 0
20150105 5129 1 4227 0
20150105 5368 1 4196 0
20150105 4524 1 5661 0
20150105 5368 1 5129 0
20150105 4524 1 5368 0
20150312 4568 1 6195 0
20150312 5068 1 4675 0
20150312 3779 1 6246 0
20150312 5628 1 5569 0
20150312 4335 1 4556 0
20150312 6408 1 5513 0
20150312 6417 1 4885 0
20150312 4468 1 5301 0
20150312 5563 1 5053 0
20150312 5056 1 3792 0
20150312 5164 1 4992 0
20150312 4590 1 5023 0
20150312 4271 1 4591 0
20150312 3811 1 5208 0
20150312 5887 1 6218 0
20150312 5977 1 3886 0
20150312 4617 1 5055 0
20150312 5229 1 4430 0
20150312 4972 1 4457 0
20150312 6386 1 6030 0
20150312 4289 1 5138 0
20150312 3580 1 3605 0
20150312 5373 1 5792 0
20150312 4990 1 5921 0
20150312 4892 1 6094 0
20150312 5362 1 4662 0
20150312 5436 1 4714 0
20150312 4657 1 5014 0
20150312 4792 1 5559 0
20150312 6043 1 4227 0
20150312 3810 1 4020 0
20150312 6028 1 5653 0
20150312 4918 1 4568 0
20150312 5068 1 3896 0
20150312 4542 1 3779 0
20150312 4726 1 5628 0
20150312 4335 1 5218 0
20150312 6408 1 4196 0
20150312 6056 1 6417 0
20150312 3968 1 4468 0
20150312 4911 1 5563 0
20150312 4257 1 5056 0
20150312 5164 1 4919 0
20150312 5199 1 4590 0
20150312 3850 1 4271 0
20150312 4652 1 3811 0
20150312 4267 1 5887 0
20150312 5440 1 5977 0
20150312 5668 1 4617 0
20150312 5229 1 5044 0
20150312 3988 1 4972 0
20150312 5762 1 6386 0
20150312 4465 1 4289 0
20150312 3580 1 4750 0
20150312 5373 1 4866 0
20150312 4740 1 4990 0
20150312 4892 1 4524 0
20150312 4583 1 5362 0
20150312 5436 1 3331 0
20150312 4604 1 4657 0
20150312 5129 1 4792 0
20150312 6043 1 4178 0
20150312 4309 1 3810 0
20150312 3817 1 6028 0
20150312 4918 1 5068 0
20150312 4542 1 4726 0
20150312 6408 1 4335 0
20150312 6056 1 3968 0
20150312 4911 1 4257 0
20150312 5164 1 5199 0
20150312 3850 1 4652 0
20150312 5440 1 4267 0
20150312 5668 1 5229 0
20150312 3988 1 5762 0
20150312 4465 1 3580 0
20150312 4740 1 5373 0
20150312 4583 1 4892 0
20150312 4604 1 5436 0
20150312 6043 1 5129 0
20150312 3817 1 4309 0
20150312 4918 1 4542 0
20150312 6056 1 6408 0
20150312 4911 1 5164 0
20150312 3850 1 5440 0
20150312 5668 1 3988 0
20150312 4740 1 4465 0
20150312 4604 1 4583 0
20150312 3817 1 6043 0
20150312 4918 1 6056 0
20150312 4911 1 3850 0
20150312 5668 1 4740 0
20150312 3817 1 4604 0
20150312 4918 1 4911 0
20150312 3817 1 5668 0
20150312 4918 1 3817 0
20150325 5362 1 3891 0
20150325 4324 1 4289 0
20150325 5055 1 3718 0
20150325 5229 1 5562 0
20150325 5053 1 5436 0
20150325 4266 1 3580 0
20150325 642 1 5023 0
20150325 5628 1 6195 0
20150325 4020 1 4972 0
20150325 4617 1 4568 0
20150325 6417 1 4885 0
20150325 5653 1 4271 0
20150325 5563 1 5214 0
20150325 26129 1 5792 0
20150325 3779 1 5977 0
20150325 4556 1 4662 0
20150325 4120 1 6408 0
20150325 5068 1 5301 0
20150325 6043 1 4421 0
20150325 6218 1 6028 0
20150325 5014 1 3605 0
20150325 3811 1 4591 0
20150325 4892 1 6363 0
20150325 5373 1 4227 0
20150325 11238 1 4714 0
20150325 5559 1 4792 0
20150325 5921 1 5569 0
20150325 5056 1 4626 0
20150325 4335 1 5065 0
20150325 5513 1 3792 0
20150325 5887 1 5985 0
20150325 4594 1 4657 0
20150325 4918 1 5362 0
20150325 4324 1 4178 0
20150325 5055 1 4652 0
20150325 5229 1 3988 0
20150325 4465 1 5053 0
20150325 4266 1 3331 0
20150325 4583 1 642 0
20150325 3968 1 5628 0
20150325 5440 1 4020 0
20150325 4675 1 4617 0
20150325 5661 1 6417 0
20150325 5653 1 5129 0
20150325 5762 1 5563 0
20150325 4542 1 26129 0
20150325 4866 1 3779 0
20150325 5668 1 4556 0
20150325 4524 1 4120 0
20150325 5164 1 5068 0
20150325 6043 1 4919 0
20150325 6218 1 3850 0
20150325 4726 1 5014 0
20150325 4912 1 3811 0
20150325 5044 1 4892 0
20150325 4911 1 5373 0
20150325 4604 1 11238 0
20150325 6056 1 5559 0
20150325 4787 1 5921 0
20150325 4539 1 5056 0
20150325 4335 1 5199 0
20150325 4196 1 5513 0
20150325 4267 1 5887 0
20150325 4740 1 4594 0
20150325 4918 1 4324 0
20150325 5229 1 5055 0
20150325 4465 1 4266 0
20150325 3968 1 4583 0
20150325 5440 1 4675 0
20150325 5661 1 5653 0
20150325 4542 1 5762 0
20150325 5668 1 4866 0
20150325 5164 1 4524 0
20150325 6218 1 6043 0
20150325 4726 1 4912 0
20150325 4911 1 5044 0
20150325 4604 1 6056 0
20150325 4787 1 4539 0
20150325 4335 1 4196 0
20150325 4267 1 4740 0
20150325 4918 1 5229 0
20150325 3968 1 4465 0
20150325 5440 1 5661 0
20150325 4542 1 5668 0
20150325 6218 1 5164 0
20150325 4911 1 4726 0
20150325 4604 1 4787 0
20150325 4335 1 4267 0
20150325 4918 1 3968 0
20150325 4542 1 5440 0
20150325 4911 1 6218 0
20150325 4604 1 4335 0
20150325 4918 1 4542 0
20150325 4911 1 4604 0
20150325 4918 1 4911 0
20150209 5977 1 4289 0
20150209 5559 1 5053 0
20150209 3331 1 5032 0
20150209 4468 1 4556 0
20150209 11612 1 11613 0
20150209 5014 1 3792 0
20150209 5373 1 5164 0
20150209 6030 1 6408 0
20150209 6056 1 4990 0
20150209 5436 1 5921 0
20150209 4457 1 4591 0
20150209 5023 1 4227 0
20150209 5440 1 5977 0
20150209 5559 1 3331 0
20150209 4542 1 4468 0
20150209 5014 1 11612 0
20150209 5373 1 6030 0
20150209 6056 1 5229 0
20150209 5436 1 4457 0
20150209 4726 1 5023 0
20150209 5440 1 5559 0
20150209 5014 1 4542 0
20150209 5373 1 6056 0
20150209 4726 1 5436 0
20150209 5440 1 5014 0
20150209 4726 1 5373 0
20150209 5440 1 4726 0
20150104 5347 1 5718 0
20150104 3811 1 6030 0
20150104 5887 1 4465 0
20150104 4866 1 4972 0
20150104 5362 1 3779 0
20150104 5229 1 4120 0
20150104 3995 1 4726 0
20150104 5023 1 3718 0
20150104 5053 1 5642 0
20150104 6408 1 3896 0
20150104 6056 1 5014 0
20150104 5436 1 4591 0
20150104 3817 1 5347 0
20150104 5887 1 3811 0
20150104 5762 1 4866 0
20150104 5362 1 5229 0
20150104 5023 1 3995 0
20150104 5668 1 5053 0
20150104 6056 1 6408 0
20150104 5440 1 5436 0
20150104 3817 1 5887 0
20150104 5762 1 5362 0
20150104 5668 1 5023 0
20150104 5440 1 6056 0
20150104 3817 1 5762 0
20150104 5668 1 5440 0
20150104 3817 1 5668 0
20150111 5214 1 4657 0
20150111 5053 1 4792 0
20150111 4652 1 4594 0
20150111 5563 1 4309 0
20150111 5653 1 6386 0
20150111 4912 1 3792 0
20150111 4866 1 5014 0
20150111 4178 1 5023 0
20150111 6056 1 4990 0
20150111 4675 1 5362 0
20150111 4662 1 3811 0
20150111 4617 1 4591 0
20150111 5214 1 4919 0
20150111 5053 1 4652 0
20150111 3896 1 5563 0
20150111 4912 1 5653 0
20150111 4178 1 4866 0
20150111 6056 1 4257 0
20150111 4675 1 4662 0
20150111 4617 1 5661 0
20150111 5053 1 5214 0
20150111 4912 1 3896 0
20150111 4178 1 6056 0
20150111 4675 1 4617 0
20150111 5053 1 4912 0
20150111 4675 1 4178 0
20150111 4675 1 5053 0
20150720 23790 1 5128 0
20150720 3283 1 4271 0
20150720 5023 1 5537 0
20150720 4327 1 4266 0
20150720 5499 1 5347 0
20150720 4289 1 5559 0
20150720 3580 1 4863 0
20150720 5260 1 5004 0
20150720 5207 1 4899 0
20150720 5811 1 4568 0
20150720 5138 1 5042 0
20150720 4626 1 5282 0
20150720 3331 1 23790 0
20150720 3283 1 5023 0
20150720 5164 1 4327 0
20150720 4289 1 5499 0
20150720 3580 1 5260 0
20150720 3605 1 5207 0
20150720 5138 1 5811 0
20150720 6056 1 4626 0
20150720 3331 1 3283 0
20150720 5164 1 4289 0
20150720 3580 1 3605 0
20150720 6056 1 5138 0
20150720 5164 1 3331 0
20150720 6056 1 3580 0
20150720 6056 1 5164 0
20150608 5138 1 5562 0
20150608 4892 1 4877 0
20150608 4267 1 4590 0
20150608 3915 1 3718 0
20150608 3841 1 5322 0
20150608 5164 1 4227 0
20150608 5563 1 4591 0
20150608 4178 1 4940 0
20150608 5642 1 3811 0
20150608 5301 1 4792 0
20150608 5004 1 4020 0
20150608 3779 1 4925 0
20150608 3331 1 5138 0
20150608 4892 1 4267 0
20150608 3915 1 5129 0
20150608 5164 1 3841 0
20150608 4178 1 5563 0
20150608 5642 1 4196 0
20150608 5004 1 5301 0
20150608 5661 1 3779 0
20150608 4892 1 3331 0
20150608 3915 1 5164 0
20150608 4178 1 5642 0
20150608 5661 1 5004 0
20150608 3915 1 4892 0
20150608 5661 1 4178 0
20150608 3915 1 5661 0
20150615 3817 1 4257 0
20150615 5199 1 4657 0
20150615 4250 1 5513 0
20150615 5436 1 6056 0
20150615 4604 1 3605 0
20150615 6417 1 5373 0
20150615 642 1 3811 0
20150615 3331 1 5044 0
20150615 3988 1 5562 0
20150615 4309 1 3161 0
20150615 5053 1 6195 0
20150615 4787 1 4583 0
20150615 5653 1 4652 0
20150615 4266 1 5032 0
20150615 4457 1 4885 0
20150615 5440 1 6218 0
20150615 3817 1 5199 0
20150615 4250 1 5436 0
20150615 4604 1 6417 0
20150615 3331 1 642 0
20150615 4309 1 3988 0
20150615 4787 1 5053 0
20150615 5653 1 4266 0
20150615 5440 1 4457 0
20150615 3817 1 4250 0
20150615 3331 1 4604 0
20150615 4309 1 4787 0
20150615 5440 1 5653 0
20150615 3817 1 3331 0
20150615 4309 1 5440 0
20150615 3817 1 4309 0
20150223 4918 1 5563 0
20150223 4972 1 4797 0
20150223 4940 1 642 0
20150223 3850 1 4863 0
20150223 4604 1 4866 0
20150223 4617 1 6283 0
20150223 4657 1 4583 0
20150223 4792 1 5199 0
20150223 4568 1 5661 0
20150223 6417 1 4289 0
20150223 5301 1 4938 0
20150223 4911 1 4178 0
20150223 5129 1 6218 0
20150223 4750 1 4309 0
20150223 4267 1 4196 0
20150223 3817 1 4020 0
20150223 4918 1 4972 0
20150223 4940 1 3850 0
20150223 4604 1 4617 0
20150223 4657 1 4792 0
20150223 6417 1 4568 0
20150223 4911 1 5301 0
20150223 4750 1 5129 0
20150223 3817 1 4267 0
20150223 4918 1 4940 0
20150223 4604 1 4657 0
20150223 6417 1 4911 0
20150223 3817 1 4750 0
20150223 4918 1 4604 0
20150223 3817 1 6417 0
20150223 3817 1 4918 0
20150831 4918 1 5145 0
20150831 4885 1 5563 0
20150831 4556 1 4662 0
20150831 4309 1 26240 0
20150831 5129 1 5717 0
20150831 5792 1 5653 0
20150831 5562 1 5301 0
20150831 5661 1 4617 0
20150831 5668 1 5056 0
20150831 4267 1 3161 0
20150831 3886 1 6050 0
20150831 3850 1 5917 0
20150831 4919 1 5436 0
20150831 4652 1 4531 0
20150831 6028 1 11236 0
20150831 4740 1 6417 0
20150831 5322 1 5440 0
20150831 4940 1 3283 0
20150831 5023 1 5229 0
20150831 3988 1 3580 0
20150831 4539 1 3811 0
20150831 4714 1 5032 0
20150831 4657 1 5347 0
20150831 5004 1 4787 0
20150831 5218 1 5537 0
20150831 5526 1 6283 0
20150831 5053 1 4227 0
20150831 5762 1 5042 0
20150831 4866 1 26187 0
20150831 5362 1 4250 0
20150831 5921 1 5282 0
20150831 3968 1 5418 0
20150831 4524 1 5068 0
20150831 11238 1 5887 0
20150831 5065 1 4178 0
20150831 6043 1 3605 0
20150831 4675 1 26242 0
20150831 4327 1 5977 0
20150831 5368 1 5199 0
20150831 5373 1 4465 0
20150831 4726 1 26129 0
20150831 5559 1 5044 0
20150831 4792 1 3792 0
20150831 6218 1 4590 0
20150831 5055 1 4863 0
20150831 6400 1 3906 0
20150831 5164 1 4502 0
20150831 4911 1 6386 0
20150831 4604 1 6201 0
20150831 3779 1 6030 0
20150831 3915 1 5014 0
20150831 4196 1 4383 0
20150831 6056 1 5985 0
20150831 3718 1 4868 0
20150831 4892 1 4457 0
20150831 4750 1 6408 0
20150831 4542 1 4289 0
20150831 4020 1 5428 0
20150831 6195 1 3891 0
20150831 3331 1 5628 0
20150831 4257 1 642 0
20150831 4583 1 11612 0
20150831 4324 1 4568 0
20150831 3817 1 4912 0
20150831 4918 1 4885 0
20150831 4309 1 4556 0
20150831 5129 1 5792 0
20150831 5661 1 5562 0
20150831 5668 1 4267 0
20150831 3850 1 3886 0
20150831 4919 1 4652 0
20150831 4740 1 6028 0
20150831 5322 1 4940 0
20150831 3988 1 5023 0
20150831 4539 1 4714 0
20150831 4657 1 5004 0
20150831 5218 1 5526 0
20150831 5053 1 5762 0
20150831 4866 1 5362 0
20150831 3968 1 5921 0
20150831 4524 1 11238 0
20150831 5065 1 6043 0
20150831 4675 1 4327 0
20150831 5373 1 5368 0
20150831 4726 1 5559 0
20150831 6218 1 4792 0
20150831 5055 1 6400 0
20150831 4911 1 5164 0
20150831 4604 1 3779 0
20150831 4196 1 3915 0
20150831 6056 1 3718 0
20150831 4750 1 4892 0
20150831 4542 1 4020 0
20150831 6195 1 3331 0
20150831 4257 1 4583 0
20150831 3817 1 4324 0
20150831 4918 1 4309 0
20150831 5129 1 5661 0
20150831 3850 1 5668 0
20150831 4919 1 4740 0
20150831 5322 1 3988 0
20150831 4539 1 4657 0
20150831 5218 1 5053 0
20150831 4866 1 3968 0
20150831 4524 1 5065 0
20150831 5373 1 4675 0
20150831 4726 1 6218 0
20150831 4911 1 5055 0
20150831 4604 1 4196 0
20150831 4750 1 6056 0
20150831 4542 1 6195 0
20150831 3817 1 4257 0
20150831 4918 1 5129 0
20150831 3850 1 4919 0
20150831 4539 1 5322 0
20150831 5218 1 4866 0
20150831 4524 1 5373 0
20150831 4726 1 4911 0
20150831 4750 1 4604 0
20150831 3817 1 4542 0
20150831 4918 1 3850 0
20150831 5218 1 4539 0
20150831 4524 1 4726 0
20150831 3817 1 4750 0
20150831 4918 1 5218 0
20150831 3817 1 4524 0
20150831 4918 1 3817 0
20150928 5559 1 5887 0
20150928 11226 1 4421 0
20150928 6195 1 5571 0
20150928 5640 1 5562 0
20150928 4617 1 4885 0
20150928 3605 1 5042 0
20150928 5164 1 6283 0
20150928 5329 1 5017 0
20150928 4583 1 4792 0
20150928 5368 1 4020 0
20150928 11238 1 5827 0
20150928 5347 1 5199 0
20150928 4604 1 5559 0
20150928 6195 1 11226 0
20150928 3988 1 5640 0
20150928 4617 1 3605 0
20150928 5164 1 5329 0
20150928 4196 1 4583 0
20150928 11238 1 5368 0
20150928 5218 1 5347 0
20150928 4604 1 6195 0
20150928 3988 1 4617 0
20150928 4196 1 5164 0
20150928 5218 1 11238 0
20150928 4604 1 3988 0
20150928 4196 1 5218 0
20150928 4604 1 4196 0
20150420 4383 1 5331 0
20150420 5245 1 4792 0
20150420 4590 1 4675 0
20150420 6417 1 4657 0
20150420 4289 1 4250 0
20150420 6195 1 6028 0
20150420 4196 1 5826 0
20150420 4568 1 4324 0
20150420 5569 1 5123 0
20150420 4617 1 4972 0
20150420 4885 1 4468 0
20150420 4020 1 5642 0
20150420 4465 1 4383 0
20150420 4590 1 5245 0
20150420 3331 1 6417 0
20150420 6195 1 4289 0
20150420 4196 1 4568 0
20150420 4583 1 5569 0
20150420 4617 1 4885 0
20150420 4787 1 4020 0
20150420 4590 1 4465 0
20150420 6195 1 3331 0
20150420 4196 1 4583 0
20150420 4787 1 4617 0
20150420 6195 1 4590 0
20150420 4196 1 4787 0
20150420 4196 1 6195 0
20151019 3968 1 5068 0
20151019 4196 1 5044 0
20151019 3283 1 10638 0
20151019 4919 1 3906 0
20151019 4539 1 3161 0
20151019 4583 1 5207 0
20151019 3891 1 4327 0
20151019 4787 1 5055 0
20151019 3331 1 4309 0
20151019 4657 1 5513 0
20151019 5199 1 11228 0
20151019 4542 1 4925 0
20151019 5653 1 6218 0
20151019 5436 1 5229 0
20151019 6195 1 5575 0
20151019 4726 1 4885 0
20151019 3968 1 4196 0
20151019 4919 1 3283 0
20151019 4583 1 4539 0
20151019 4787 1 3891 0
20151019 3331 1 4657 0
20151019 5199 1 4542 0
20151019 5436 1 5653 0
20151019 4726 1 6195 0
20151019 3968 1 4919 0
20151019 4787 1 4583 0
20151019 5199 1 3331 0
20151019 5436 1 4726 0
20151019 3968 1 4787 0
20151019 5436 1 5199 0
20151019 3968 1 5436 0
20150615 4911 1 4227 0
20150615 4267 1 5129 0
20150615 4178 1 4020 0
20150615 5762 1 5014 0
20150615 5218 1 5164 0
20150615 4675 1 3906 0
20150615 4542 1 11612 0
20150615 3850 1 5301 0
20150615 4465 1 5661 0
20150615 6408 1 4866 0
20150615 4750 1 4617 0
20150615 5668 1 4863 0
20150615 5229 1 4740 0
20150615 4196 1 4662 0
20150615 4726 1 3718 0
20150615 4524 1 6386 0
20150615 4911 1 4267 0
20150615 4178 1 5762 0
20150615 4675 1 5218 0
20150615 4542 1 3850 0
20150615 4465 1 6408 0
20150615 5668 1 4750 0
20150615 4196 1 5229 0
20150615 4726 1 4524 0
20150615 4911 1 4178 0
20150615 4675 1 4542 0
20150615 4465 1 5668 0
20150615 4726 1 4196 0
20150615 4911 1 4675 0
20150615 4726 1 4465 0
20150615 4911 1 4726 0
20150216 4740 1 5055 0
20150216 5792 1 4120 0
20150216 3654 1 4214 0
20150216 4652 1 4594 0
20150216 4919 1 6195 0
20150216 4662 1 3891 0
20150216 5628 1 6028 0
20150216 5362 1 5569 0
20150216 5627 1 4912 0
20150216 5145 1 6017 0
20150216 4885 1 5068 0
20150216 3988 1 11236 0
20150216 4335 1 5044 0
20150216 3811 1 6050 0
20150216 5208 1 6090 0
20150216 3968 1 4590 0
20150216 4740 1 5792 0
20150216 4652 1 3654 0
20150216 4919 1 4662 0
20150216 5628 1 5362 0
20150216 5145 1 5627 0
20150216 4885 1 3988 0
20150216 4335 1 3811 0
20150216 3968 1 5208 0
20150216 4740 1 4652 0
20150216 4919 1 5628 0
20150216 4885 1 5145 0
20150216 3968 1 4335 0
20150216 4919 1 4740 0
20150216 3968 1 4885 0
20150216 3968 1 4919 0
20150713 4327 1 4542 0
20150713 5207 1 5977 0
20150713 4271 1 4877 0
20150713 5164 1 3161 0
20150713 5428 1 6056 0
20150713 11612 1 5559 0
20150713 5138 1 11546 0
20150713 5436 1 3580 0
20150713 3399 1 5056 0
20150713 4266 1 4626 0
20150713 5032 1 4937 0
20150713 6043 1 3283 0
20150713 5014 1 5042 0
20150713 4457 1 4842 0
20150713 4289 1 5292 0
20150713 3331 1 5004 0
20150713 4327 1 5207 0
20150713 5164 1 4271 0
20150713 5428 1 11612 0
20150713 5138 1 5436 0
20150713 3399 1 4266 0
20150713 6043 1 5032 0
20150713 4457 1 5014 0
20150713 3331 1 4289 0
20150713 4327 1 5164 0
20150713 5428 1 5138 0
20150713 6043 1 3399 0
20150713 3331 1 4457 0
20150713 4327 1 5428 0
20150713 3331 1 6043 0
20150713 4327 1 3331 0
20150727 4544 1 26129 0
20150727 4792 1 5261 0
20150727 5301 1 5952 0
20150727 5569 1 23956 0
20150727 3563 1 5145 0
20150727 5055 1 6278 0
20150727 5792 1 4020 0
20150727 4892 1 4714 0
20150727 5628 1 3841 0
20150727 5044 1 3891 0
20150727 4940 1 5708 0
20150727 4709 1 4877 0
20150727 5661 1 4544 0
20150727 5301 1 4792 0
20150727 4662 1 5569 0
20150727 5055 1 3563 0
20150727 5792 1 4892 0
20150727 6218 1 5628 0
20150727 5044 1 4940 0
20150727 3850 1 4709 0
20150727 5661 1 5301 0
20150727 5055 1 4662 0
20150727 6218 1 5792 0
20150727 3850 1 5044 0
20150727 5661 1 5055 0
20150727 6218 1 3850 0
20150727 6218 1 5661 0
20150621 4568 1 3605 0
20150621 642 1 5053 0
20150621 4617 1 4421 0
20150621 5368 1 6028 0
20150621 11238 1 5068 0
20150621 5056 1 4863 0
20150621 4792 1 4594 0
20150621 4657 1 5436 0
20150621 4289 1 6363 0
20150621 5229 1 5373 0
20150621 4227 1 5065 0
20150621 26238 1 5792 0
20150621 4531 1 4590 0
20150621 5044 1 4885 0
20150621 5023 1 4992 0
20150621 4714 1 5563 0
20150621 4568 1 3968 0
20150621 642 1 5055 0
20150621 4617 1 5362 0
20150621 5164 1 5368 0
20150621 4912 1 11238 0
20150621 6195 1 5056 0
20150621 4792 1 4335 0
20150621 4657 1 4675 0
20150621 6218 1 4289 0
20150621 5229 1 4662 0
20150621 4227 1 4309 0
20150621 3850 1 26238 0
20150621 4652 1 4531 0
20150621 5014 1 5044 0
20150621 5301 1 5023 0
20150621 4465 1 4714 0
20150621 4568 1 642 0
20150621 4617 1 5164 0
20150621 4912 1 6195 0
20150621 4792 1 4657 0
20150621 5229 1 6218 0
20150621 4227 1 3850 0
20150621 5014 1 4652 0
20150621 4465 1 5301 0
20150621 4568 1 4617 0
20150621 4792 1 4912 0
20150621 5229 1 4227 0
20150621 5014 1 4465 0
20150621 4792 1 4568 0
20150621 5014 1 5229 0
20150621 4792 1 5014 0
20150803 4885 1 5145 0
20150803 3654 1 5575 0
20150803 6028 1 5068 0
20150803 10638 1 5368 0
20150803 5044 1 4294 0
20150803 4257 1 5513 0
20150803 4892 1 4335 0
20150803 5628 1 5792 0
20150803 3906 1 4925 0
20150803 4594 1 6195 0
20150803 3779 1 4590 0
20150803 5569 1 4020 0
20150803 6218 1 4885 0
20150803 3654 1 6028 0
20150803 4919 1 10638 0
20150803 4257 1 5044 0
20150803 5628 1 4892 0
20150803 3906 1 5362 0
20150803 4594 1 3779 0
20150803 5569 1 4309 0
20150803 6218 1 3654 0
20150803 4257 1 4919 0
20150803 3906 1 5628 0
20150803 4594 1 5569 0
20150803 4257 1 6218 0
20150803 3906 1 4594 0
20150803 4257 1 3906 0
20150119 4918 1 5368 0
20150119 5708 1 5068 0
20150119 4421 1 11236 0
20150119 4267 1 4863 0
20150119 4542 1 4496 0
20150119 4885 1 6347 0
20150119 4178 1 5792 0
20150119 5129 1 6218 0
20150119 3850 1 6030 0
20150119 5164 1 5627 0
20150119 5653 1 5640 0
20150119 4787 1 6283 0
20150119 3792 1 3896 0
20150119 3718 1 5571 0
20150119 5373 1 5038 0
20150119 5668 1 5004 0
20150119 4524 1 4940 0
20150119 5642 1 4662 0
20150119 3811 1 4972 0
20150119 4891 1 4652 0
20150119 3891 1 5229 0
20150119 5563 1 5014 0
20150119 4196 1 5365 0
20150119 5282 1 4919 0
20150119 3968 1 5055 0
20150119 4657 1 5569 0
20150119 4714 1 3563 0
20150119 4465 1 4892 0
20150119 5044 1 3399 0
20150119 5436 1 6363 0
20150119 4468 1 5145 0
20150119 5440 1 4594 0
20150119 4604 1 4266 0
20150119 3779 1 3605 0
20150119 4675 1 6195 0
20150119 4912 1 5347 0
20150119 4257 1 3906 0
20150119 6056 1 4730 0
20150119 5023 1 5921 0
20150119 6408 1 5199 0
20150119 4726 1 6028 0
20150119 5562 1 4990 0
20150119 5887 1 4877 0
20150119 4750 1 4120 0
20150119 4583 1 4925 0
20150119 4531 1 5513 0
20150119 5056 1 6276 0
20150119 4740 1 4020 0
20150119 4911 1 6011 0
20150119 4591 1 4625 0
20150119 5301 1 11477 0
20150119 5362 1 5138 0
20150119 5661 1 3186 0
20150119 4568 1 4556 0
20150119 5032 1 4214 0
20150119 5762 1 4457 0
20150119 4271 1 3988 0
20150119 4289 1 5053 0
20150119 6386 1 5628 0
20150119 3331 1 5065 0
20150119 4866 1 6417 0
20150119 4309 1 4792 0
20150119 4617 1 4335 0
20150119 3817 1 4227 0
20150119 4918 1 5708 0
20150119 4267 1 4421 0
20150119 4542 1 4885 0
20150119 4178 1 5129 0
20150119 3850 1 5164 0
20150119 5653 1 4787 0
20150119 3792 1 3718 0
20150119 5668 1 5373 0
20150119 4524 1 5642 0
20150119 3811 1 4891 0
20150119 5563 1 3891 0
20150119 4196 1 5282 0
20150119 3968 1 4657 0
20150119 4465 1 4714 0
20150119 5436 1 5044 0
20150119 5440 1 4468 0
20150119 4604 1 3779 0
20150119 4675 1 4912 0
20150119 6056 1 4257 0
20150119 5023 1 6408 0
20150119 4726 1 5562 0
20150119 4750 1 5887 0
20150119 4531 1 4583 0
20150119 4740 1 5056 0
20150119 4911 1 4591 0
20150119 5301 1 5362 0
20150119 4568 1 5661 0
20150119 5762 1 5032 0
20150119 4289 1 4271 0
20150119 6386 1 3331 0
20150119 4309 1 4866 0
20150119 3817 1 4617 0
20150119 4918 1 4267 0
20150119 4178 1 4542 0
20150119 3850 1 5653 0
20150119 5668 1 3792 0
20150119 4524 1 3811 0
20150119 4196 1 5563 0
20150119 3968 1 4465 0
20150119 5440 1 5436 0
20150119 4604 1 4675 0
20150119 6056 1 5023 0
20150119 4726 1 4750 0
20150119 4740 1 4531 0
20150119 4911 1 5301 0
20150119 5762 1 4568 0
20150119 6386 1 4289 0
20150119 4309 1 3817 0
20150119 4918 1 4178 0
20150119 5668 1 3850 0
20150119 4524 1 4196 0
20150119 5440 1 3968 0
20150119 4604 1 6056 0
20150119 4740 1 4726 0
20150119 4911 1 5762 0
20150119 6386 1 4309 0
20150119 4918 1 5668 0
20150119 4524 1 5440 0
20150119 4604 1 4740 0
20150119 4911 1 6386 0
20150119 4918 1 4524 0
20150119 4911 1 4604 0
20150119 4918 1 4911 0
20150720 5322 1 5424 0
20150720 4792 1 6028 0
20150720 4594 1 4267 0
20150720 5628 1 4294 0
20150720 4324 1 4590 0
20150720 5653 1 5054 0
20150720 5055 1 11236 0
20150720 5857 1 5145 0
20150720 642 1 4709 0
20150720 3906 1 4866 0
20150720 5199 1 4940 0
20150720 5068 1 4560 0
20150720 5322 1 5661 0
20150720 4792 1 4594 0
20150720 4652 1 5628 0
20150720 4324 1 5653 0
20150720 5055 1 5857 0
20150720 642 1 4335 0
20150720 3906 1 5199 0
20150720 3988 1 5068 0
20150720 5322 1 4792 0
20150720 4652 1 4324 0
20150720 642 1 5055 0
20150720 3988 1 3906 0
20150720 5322 1 4652 0
20150720 3988 1 642 0
20150720 5322 1 3988 0
20150223 6017 1 3654 0
20150223 3891 1 5055 0
20150223 5628 1 5792 0
20150223 4120 1 6028 0
20150223 5474 1 6050 0
20150223 5627 1 6195 0
20150223 4912 1 3563 0
20150223 4335 1 4214 0
20150223 5804 1 5111 0
20150223 4594 1 4662 0
20150223 5068 1 4544 0
20150223 5937 1 3811 0
20150223 4740 1 6017 0
20150223 5628 1 3891 0
20150223 4120 1 4919 0
20150223 5627 1 5474 0
20150223 4335 1 4912 0
20150223 4652 1 5804 0
20150223 4594 1 5068 0
20150223 3988 1 5937 0
20150223 4740 1 5628 0
20150223 4120 1 5627 0
20150223 4335 1 4652 0
20150223 4594 1 3988 0
20150223 4740 1 4120 0
20150223 4335 1 4594 0
20150223 4740 1 4335 0
20150223 5440 1 5282 0
20150223 4227 1 3605 0
20150223 4885 1 4892 0
20150223 5229 1 5023 0
20150223 4726 1 4457 0
20150223 5436 1 4468 0
20150223 4675 1 4532 0
20150223 5044 1 5559 0
20150223 3331 1 4556 0
20150223 5569 1 6408 0
20150223 5977 1 5373 0
20150223 5762 1 5921 0
20150223 3792 1 4730 0
20150223 6056 1 5164 0
20150223 4591 1 4714 0
20150223 3968 1 4990 0
20150223 5440 1 4227 0
20150223 5229 1 4885 0
20150223 4726 1 5436 0
20150223 4675 1 5044 0
20150223 3331 1 5569 0
20150223 5977 1 5762 0
20150223 6056 1 3792 0
20150223 3968 1 4591 0
20150223 5440 1 5229 0
20150223 4726 1 4675 0
20150223 5977 1 3331 0
20150223 3968 1 6056 0
20150223 5440 1 4726 0
20150223 3968 1 5977 0
20150223 3968 1 5440 0
20151026 4971 1 6386 0
20151026 5563 1 5044 0
20151026 5368 1 4866 0
20151026 4652 1 5792 0
20151026 5301 1 4178 0
20151026 5322 1 5599 0
20151026 5129 1 4594 0
20151026 26129 1 4714 0
20151026 4992 1 5055 0
20151026 4196 1 4267 0
20151026 6106 1 4305 0
20151026 5436 1 5362 0
20151026 4971 1 3654 0
20151026 5563 1 5368 0
20151026 4652 1 6056 0
20151026 5301 1 5322 0
20151026 5129 1 26129 0
20151026 4992 1 4919 0
20151026 4196 1 6106 0
20151026 5436 1 3850 0
20151026 5563 1 4971 0
20151026 5301 1 4652 0
20151026 5129 1 4992 0
20151026 5436 1 4196 0
20151026 5301 1 5563 0
20151026 5129 1 5436 0
20151026 5301 1 5129 0
20150823 5368 1 6050 0
20150823 5717 1 4657 0
20150823 5792 1 3161 0
20150823 4617 1 5628 0
20150823 4792 1 5373 0
20150823 5023 1 11612 0
20150823 11238 1 4863 0
20150823 4227 1 4892 0
20150823 26242 1 5887 0
20150823 5362 1 4940 0
20150823 6408 1 5229 0
20150823 4289 1 5145 0
20150823 5044 1 4324 0
20150823 6028 1 4590 0
20150823 4583 1 5199 0
20150823 5053 1 3915 0
20150823 5368 1 4465 0
20150823 5717 1 4568 0
20150823 5792 1 5301 0
20150823 4617 1 5014 0
20150823 4539 1 4792 0
20150823 5436 1 5023 0
20150823 11238 1 5322 0
20150823 4227 1 4196 0
20150823 5055 1 26242 0
20150823 6195 1 5362 0
20150823 4556 1 6408 0
20150823 4289 1 4675 0
20150823 6417 1 5044 0
20150823 6028 1 4662 0
20150823 5653 1 4583 0
20150823 4726 1 5053 0
20150823 5717 1 5368 0
20150823 5792 1 4617 0
20150823 5436 1 4539 0
20150823 4227 1 11238 0
20150823 5055 1 6195 0
20150823 4289 1 4556 0
20150823 6417 1 6028 0
20150823 4726 1 5653 0
20150823 5717 1 5792 0
20150823 5436 1 4227 0
20150823 4289 1 5055 0
20150823 4726 1 6417 0
20150823 5717 1 5436 0
20150823 4726 1 4289 0
20150823 4726 1 5717 0
20150202 4568 1 5873 0
20150202 4657 1 6417 0
20150202 4020 1 4877 0
20150202 5985 1 3580 0
20150202 4421 1 4891 0
20150202 4675 1 5004 0
20150202 4309 1 4892 0
20150202 4863 1 5090 0
20150202 5562 1 5032 0
20150202 4714 1 3779 0
20150202 4468 1 6228 0
20150202 4990 1 4430 0
20150202 4568 1 3331 0
20150202 4020 1 4657 0
20150202 4196 1 5985 0
20150202 4675 1 4421 0
20150202 4309 1 4863 0
20150202 5562 1 4178 0
20150202 4714 1 4468 0
20150202 4990 1 5164 0
20150202 4568 1 4020 0
20150202 4196 1 4675 0
20150202 4309 1 5562 0
20150202 4714 1 4990 0
20150202 4196 1 4568 0
20150202 4309 1 4714 0
20150202 4196 1 4309 0
20150427 4992 1 5513 0
20150427 4657 1 4778 0
20150427 4583 1 4250 0
20150427 3283 1 4731 0
20150427 3605 1 4675 0
20150427 4383 1 6056 0
20150427 4257 1 6195 0
20150427 642 1 3792 0
20150427 4617 1 4457 0
20150427 4919 1 5529 0
20150427 6218 1 5563 0
20150427 4662 1 5145 0
20150427 4911 1 4992 0
20150427 4583 1 4657 0
20150427 5129 1 3283 0
20150427 3605 1 4383 0
20150427 4257 1 642 0
20150427 5661 1 4617 0
20150427 6218 1 4919 0
20150427 5575 1 4662 0
20150427 4911 1 4583 0
20150427 5129 1 3605 0
20150427 4257 1 5661 0
20150427 5575 1 6218 0
20150427 4911 1 5129 0
20150427 4257 1 5575 0
20150427 4911 1 4257 0
20150803 4556 1 3792 0
20150803 5562 1 4227 0
20150803 5373 1 3161 0
20150803 3605 1 11832 0
20150803 4178 1 4289 0
20150803 5065 1 4591 0
20150803 5436 1 5032 0
20150803 5537 1 4468 0
20150803 642 1 6400 0
20150803 5229 1 5056 0
20150803 4421 1 5970 0
20150803 11238 1 4531 0
20150803 3718 1 5428 0
20150803 5023 1 5055 0
20150803 5627 1 6030 0
20150803 5887 1 5977 0
20150803 4556 1 4911 0
20150803 5562 1 4652 0
20150803 5563 1 5373 0
20150803 4542 1 3605 0
20150803 4750 1 4178 0
20150803 6043 1 5065 0
20150803 5436 1 6056 0
20150803 5762 1 5537 0
20150803 642 1 4726 0
20150803 5229 1 3331 0
20150803 5014 1 4421 0
20150803 5218 1 11238 0
20150803 3850 1 3718 0
20150803 5023 1 4675 0
20150803 4912 1 5627 0
20150803 5440 1 5887 0
20150803 5562 1 4556 0
20150803 4542 1 5563 0
20150803 6043 1 4750 0
20150803 5436 1 5762 0
20150803 642 1 5229 0
20150803 5218 1 5014 0
20150803 5023 1 3850 0
20150803 5440 1 4912 0
20150803 4542 1 5562 0
20150803 5436 1 6043 0
20150803 5218 1 642 0
20150803 5440 1 5023 0
20150803 4542 1 5436 0
20150803 5440 1 5218 0
20150803 5440 1 4542 0
20150727 3283 1 11189 0
20150727 5562 1 5056 0
20150727 5436 1 5032 0
20150727 6030 1 5977 0
20150727 4531 1 3886 0
20150727 3792 1 3580 0
20150727 4178 1 5373 0
20150727 11612 1 4497 0
20150727 4421 1 5229 0
20150727 4568 1 5559 0
20150727 5023 1 26242 0
20150727 4227 1 4289 0
20150727 4542 1 3283 0
20150727 5562 1 5436 0
20150727 6030 1 6043 0
20150727 4531 1 3792 0
20150727 4178 1 11612 0
20150727 4421 1 5164 0
20150727 4568 1 5023 0
20150727 5563 1 4227 0
20150727 4542 1 5562 0
20150727 6030 1 4531 0
20150727 4178 1 4421 0
20150727 4568 1 5563 0
20150727 4542 1 6030 0
20150727 4568 1 4178 0
20150727 4542 1 4568 0
20150727 4740 1 4267 0
20150727 6195 1 4885 0
20150727 5653 1 6106 0
20150727 4652 1 6028 0
20150727 4309 1 5362 0
20150727 4250 1 3654 0
20150727 4617 1 4583 0
20150727 44754 1 4196 0
20150727 4919 1 4866 0
20150727 5068 1 4594 0
20150727 5368 1 4590 0
20150727 5129 1 6417 0
20150727 4335 1 5199 0
20150727 6283 1 5425 0
20150727 5322 1 4257 0
20150727 3988 1 642 0
20150727 4740 1 6195 0
20150727 4652 1 5653 0
20150727 4309 1 4250 0
20150727 4617 1 44754 0
20150727 4919 1 5068 0
20150727 5368 1 5129 0
20150727 6283 1 4335 0
20150727 5322 1 3988 0
20150727 4740 1 4652 0
20150727 4309 1 4617 0
20150727 4919 1 5368 0
20150727 6283 1 5322 0
20150727 4740 1 4309 0
20150727 4919 1 6283 0
20150727 4740 1 4919 0
20150503 6386 1 4590 0
20150503 5055 1 4866 0
20150503 4542 1 5164 0
20150503 4539 1 4583 0
20150503 6043 1 4662 0
20150503 4750 1 3331 0
20150503 5436 1 5282 0
20150503 4560 1 6056 0
20150503 4617 1 4726 0
20150503 5762 1 5373 0
20150503 4919 1 5044 0
20150503 5301 1 5653 0
20150503 5068 1 4652 0
20150503 4267 1 4196 0
20150503 5218 1 6195 0
20150503 5129 1 5642 0
20150503 5014 1 6408 0
20150503 5661 1 5199 0
20150503 4335 1 4594 0
20150503 4912 1 4178 0
20150503 3850 1 3792 0
20150503 4787 1 4675 0
20150503 4714 1 5362 0
20150503 4257 1 4266 0
20150503 6386 1 3817 0
20150503 4542 1 5055 0
20150503 4539 1 6043 0
20150503 4604 1 4750 0
20150503 4740 1 5436 0
20150503 4617 1 4560 0
20150503 5762 1 4919 0
20150503 4524 1 5301 0
20150503 3968 1 5068 0
20150503 4267 1 5218 0
20150503 5129 1 5014 0
20150503 5440 1 5661 0
20150503 5668 1 4335 0
20150503 4912 1 3850 0
20150503 4714 1 4787 0
20150503 4911 1 4257 0
20150503 4542 1 6386 0
20150503 4604 1 4539 0
20150503 4740 1 4617 0
20150503 5762 1 4524 0
20150503 3968 1 4267 0
20150503 5440 1 5129 0
20150503 5668 1 4912 0
20150503 4911 1 4714 0
20150503 4604 1 4542 0
20150503 4740 1 5762 0
20150503 5440 1 3968 0
20150503 4911 1 5668 0
20150503 4740 1 4604 0
20150503 4911 1 5440 0
20150503 4911 1 4740 0
20150510 4594 1 4560 0
20150510 5055 1 6028 0
20150510 5129 1 4714 0
20150510 3850 1 6386 0
20150510 4675 1 6056 0
20150510 6195 1 5199 0
20150510 4866 1 4583 0
20150510 5661 1 5054 0
20150510 4539 1 5014 0
20150510 4196 1 5218 0
20150510 5229 1 5362 0
20150510 4750 1 5331 0
20150510 4335 1 5569 0
20150510 6218 1 4617 0
20150510 4465 1 6043 0
20150510 4542 1 5301 0
20150510 4912 1 5928 0
20150510 4940 1 5164 0
20150510 6375 1 5044 0
20150510 4919 1 5436 0
20150510 5762 1 5653 0
20150510 4726 1 4250 0
20150510 4257 1 5373 0
20150510 4652 1 3891 0
20150510 4918 1 4594 0
20150510 5055 1 5129 0
20150510 4675 1 3850 0
20150510 5440 1 6195 0
20150510 4911 1 4866 0
20150510 5661 1 4539 0
20150510 4196 1 5229 0
20150510 3968 1 4750 0
20150510 4524 1 4335 0
20150510 6218 1 4465 0
20150510 4542 1 4912 0
20150510 4740 1 4940 0
20150510 4604 1 6375 0
20150510 4919 1 5762 0
20150510 4726 1 4257 0
20150510 3817 1 4652 0
20150510 4918 1 5055 0
20150510 5440 1 4675 0
20150510 5661 1 4911 0
20150510 3968 1 4196 0
20150510 4524 1 6218 0
20150510 4740 1 4542 0
20150510 4604 1 4919 0
20150510 3817 1 4726 0
20150510 4918 1 5440 0
20150510 3968 1 5661 0
20150510 4524 1 4740 0
20150510 3817 1 4604 0
20150510 4918 1 3968 0
20150510 3817 1 4524 0
20150510 4918 1 3817 0
20150202 4925 1 4940 0
20150202 4324 1 5138 0
20150202 3811 1 5513 0
20150202 6283 1 4625 0
20150202 4531 1 5123 0
20150202 4792 1 4289 0
20150202 5301 1 6347 0
20150202 4730 1 4669 0
20150202 3906 1 6106 0
20150202 5653 1 4457 0
20150202 5322 1 5917 0
20150202 4271 1 4673 0
20150202 4787 1 4925 0
20150202 4324 1 3811 0
20150202 4750 1 6283 0
20150202 4792 1 4531 0
20150202 5301 1 4730 0
20150202 4257 1 3906 0
20150202 5653 1 5322 0
20150202 4465 1 4271 0
20150202 4787 1 4324 0
20150202 4750 1 4792 0
20150202 5301 1 4257 0
20150202 5653 1 4465 0
20150202 4750 1 4787 0
20150202 5653 1 5301 0
20150202 4750 1 5653 0
20150412 5068 1 4892 0
20150412 6056 1 4583 0
20150412 4885 1 5199 0
20150412 4539 1 5513 0
20150412 5661 1 5599 0
20150412 4250 1 4020 0
20150412 6283 1 6218 0
20150412 4675 1 5362 0
20150412 4542 1 5436 0
20150412 4465 1 4110 0
20150412 5322 1 6030 0
20150412 3605 1 4617 0
20150412 4657 1 5792 0
20150412 4257 1 5053 0
20150412 5129 1 3792 0
20150412 3988 1 4309 0
20150412 4714 1 5164 0
20150412 5301 1 4271 0
20150412 4335 1 6195 0
20150412 4919 1 5653 0
20150412 5762 1 4267 0
20150412 4787 1 5708 0
20150412 5229 1 6417 0
20150412 4866 1 6028 0
20150412 4918 1 5068 0
20150412 4885 1 6056 0
20150412 4539 1 5661 0
20150412 5218 1 4250 0
20150412 4740 1 6283 0
20150412 4542 1 4675 0
20150412 4465 1 5322 0
20150412 3968 1 3605 0
20150412 4604 1 4657 0
20150412 5129 1 4257 0
20150412 3988 1 4714 0
20150412 5668 1 5301 0
20150412 4524 1 4335 0
20150412 5762 1 4919 0
20150412 4787 1 5229 0
20150412 3817 1 4866 0
20150412 4918 1 4885 0
20150412 5218 1 4539 0
20150412 4740 1 4542 0
20150412 3968 1 4465 0
20150412 4604 1 5129 0
20150412 5668 1 3988 0
20150412 5762 1 4524 0
20150412 4787 1 3817 0
20150412 4918 1 5218 0
20150412 4740 1 3968 0
20150412 4604 1 5668 0
20150412 4787 1 5762 0
20150412 4918 1 4740 0
20150412 4604 1 4787 0
20150412 4918 1 4604 0
20150209 5208 1 4335 0
20150209 5569 1 4662 0
20150209 4267 1 4214 0
20150209 5068 1 6090 0
20150209 5145 1 5792 0
20150209 5362 1 5055 0
20150209 5044 1 6278 0
20150209 4120 1 5537 0
20150209 6028 1 3891 0
20150209 4652 1 6195 0
20150209 5474 1 5628 0
20150209 4594 1 5627 0
20150209 4560 1 5208 0
20150209 5569 1 4267 0
20150209 4912 1 5068 0
20150209 5145 1 5362 0
20150209 5044 1 4120 0
20150209 4919 1 6028 0
20150209 4652 1 5474 0
20150209 4594 1 3988 0
20150209 4560 1 5569 0
20150209 5145 1 4912 0
20150209 5044 1 4919 0
20150209 4652 1 4594 0
20150209 4560 1 5145 0
20150209 4652 1 5044 0
20150209 4652 1 4560 0
20150105 4918 1 5569 0
20150105 4657 1 6310 0
20150105 5917 1 4020 0
20150105 3331 1 4583 0
20150105 3968 1 5208 0
20150105 4267 1 4556 0
20150105 4457 1 3891 0
20150105 5513 1 4257 0
20150105 4750 1 4662 0
20150105 4617 1 3792 0
20150105 4877 1 4335 0
20150105 4604 1 4792 0
20150105 4309 1 4912 0
20150105 5145 1 4289 0
20150105 4468 1 5619 0
20150105 3580 1 4740 0
20150105 4918 1 4657 0
20150105 3331 1 5917 0
20150105 3968 1 4267 0
20150105 4457 1 5513 0
20150105 4750 1 4617 0
20150105 4604 1 4877 0
20150105 4309 1 5145 0
20150105 4468 1 3580 0
20150105 3331 1 4918 0
20150105 3968 1 4457 0
20150105 4604 1 4750 0
20150105 4309 1 4468 0
20150105 3968 1 3331 0
20150105 4604 1 4309 0
20150105 3968 1 4604 0
20150406 4464 1 4892 0
20150406 4590 1 4289 0
20150406 5053 1 5068 0
20150406 4020 1 4834 0
20150406 5368 1 4214 0
20150406 5948 1 6028 0
20150406 4885 1 5513 0
20150406 4662 1 4730 0
20150406 5985 1 3906 0
20150406 4120 1 5792 0
20150406 4594 1 6106 0
20150406 4457 1 5708 0
20150406 4464 1 4196 0
20150406 4590 1 5053 0
20150406 6195 1 4020 0
20150406 5368 1 5948 0
20150406 4885 1 4662 0
20150406 5985 1 4714 0
20150406 4594 1 4120 0
20150406 5362 1 4457 0
20150406 4590 1 4464 0
20150406 6195 1 5368 0
20150406 5985 1 4885 0
20150406 5362 1 4594 0
20150406 4590 1 6195 0
20150406 5362 1 5985 0
20150406 5362 1 4590 0
20151019 4792 1 5368 0
20151019 5708 1 5418 0
20151019 5053 1 26129 0
20151019 4556 1 17391 0
20151019 5562 1 4289 0
20151019 5526 1 6417 0
20151019 4652 1 5128 0
20151019 4892 1 5569 0
20151019 6219 1 4020 0
20151019 4590 1 5301 0
20151019 6283 1 4617 0
20151019 4940 1 5138 0
20151019 5218 1 4792 0
20151019 5708 1 5053 0
20151019 4556 1 4675 0
20151019 5526 1 5562 0
20151019 4892 1 4652 0
20151019 4257 1 6219 0
20151019 6283 1 4590 0
20151019 5129 1 4940 0
20151019 5218 1 5708 0
20151019 5526 1 4556 0
20151019 4257 1 4892 0
20151019 5129 1 6283 0
20151019 5218 1 5526 0
20151019 5129 1 4257 0
20151019 5218 1 5129 0
20150921 4457 1 4327 0
20150921 3891 1 4324 0
20150921 4257 1 5347 0
20150921 4992 1 5792 0
20150921 3915 1 5628 0
20150921 5164 1 4669 0
20150921 5362 1 3906 0
20150921 5563 1 4868 0
20150921 5717 1 4657 0
20150921 4267 1 642 0
20150921 4178 1 5368 0
20150921 4271 1 4925 0
20150921 4524 1 4457 0
20150921 4257 1 3891 0
20150921 4539 1 4992 0
20150921 3915 1 5164 0
20150921 5362 1 5563 0
20150921 4196 1 5717 0
20150921 4178 1 4267 0
20150921 4465 1 4271 0
20150921 4257 1 4524 0
20150921 4539 1 3915 0
20150921 5362 1 4196 0
20150921 4465 1 4178 0
20150921 4539 1 4257 0
20150921 4465 1 5362 0
20150921 4539 1 4465 0
20150406 5023 1 3605 0
20150406 5436 1 5373 0
20150406 5014 1 4591 0
20150406 4556 1 5056 0
20150406 11238 1 6017 0
20150406 4267 1 3891 0
20150406 4866 1 5569 0
20150406 4421 1 3718 0
20150406 5628 1 5562 0
20150406 5044 1 4294 0
20150406 4383 1 6090 0
20150406 6043 1 5145 0
20150406 3850 1 5023 0
20150406 5014 1 5436 0
20150406 4556 1 4542 0
20150406 4267 1 11238 0
20150406 4866 1 4421 0
20150406 4726 1 5628 0
20150406 5044 1 4383 0
20150406 6043 1 5129 0
20150406 5014 1 3850 0
20150406 4267 1 4556 0
20150406 4726 1 4866 0
20150406 6043 1 5044 0
20150406 5014 1 4267 0
20150406 6043 1 4726 0
20150406 6043 1 5014 0
20150112 5021 1 5282 0
20150112 5068 1 3891 0
20150112 4227 1 4335 0
20150112 5164 1 5628 0
20150112 4266 1 4901 0
20150112 4925 1 5044 0
20150112 5436 1 5301 0
20150112 5792 1 6417 0
20150112 5513 1 6218 0
20150112 6028 1 4196 0
20150112 5373 1 4421 0
20150112 6195 1 5055 0
20150112 6283 1 5021 0
20150112 5068 1 4227 0
20150112 5164 1 5129 0
20150112 4266 1 4925 0
20150112 5436 1 5792 0
20150112 4726 1 5513 0
20150112 5373 1 6028 0
20150112 6195 1 5199 0
20150112 6283 1 5068 0
20150112 5164 1 4266 0
20150112 4726 1 5436 0
20150112 6195 1 5373 0
20150112 5164 1 6283 0
20150112 6195 1 4726 0
20150112 6195 1 5164 0
20150216 4617 1 4560 0
20150216 5708 1 4972 0
20150216 4787 1 642 0
20150216 5563 1 4892 0
20150216 6218 1 5301 0
20150216 5661 1 5653 0
20150216 4465 1 5717 0
20150216 6417 1 4792 0
20150216 4866 1 4093 0
20150216 4657 1 4583 0
20150216 5513 1 3915 0
20150216 5322 1 3906 0
20150216 4617 1 5668 0
20150216 4787 1 5708 0
20150216 5129 1 5563 0
20150216 6218 1 5661 0
20150216 4465 1 6417 0
20150216 4866 1 5199 0
20150216 4657 1 5513 0
20150216 4524 1 5322 0
20150216 4787 1 4617 0
20150216 5129 1 6218 0
20150216 4465 1 4866 0
20150216 4657 1 4524 0
20150216 4787 1 5129 0
20150216 4465 1 4657 0
20150216 4465 1 4787 0
20150517 4583 1 4227 0
20150517 5628 1 4556 0
20150517 5708 1 4885 0
20150517 5164 1 4120 0
20150517 3779 1 5985 0
20150517 5301 1 5145 0
20150517 5055 1 4568 0
20150517 4792 1 4383 0
20150517 5068 1 4591 0
20150517 4020 1 5513 0
20150517 5044 1 5562 0
20150517 26129 1 3811 0
20150517 4524 1 4583 0
20150517 5628 1 5708 0
20150517 4662 1 5164 0
20150517 5301 1 3779 0
20150517 5055 1 4792 0
20150517 5068 1 3792 0
20150517 5044 1 4020 0
20150517 5218 1 26129 0
20150517 5628 1 4524 0
20150517 5301 1 4662 0
20150517 5055 1 5068 0
20150517 5044 1 5218 0
20150517 5301 1 5628 0
20150517 5055 1 5044 0
20150517 5055 1 5301 0
20150608 4568 1 4583 0
20150608 3161 1 5053 0
20150608 6056 1 5513 0
20150608 4885 1 9775 0
20150608 5653 1 4457 0
20150608 4257 1 5229 0
20150608 4675 1 6417 0
20150608 642 1 6192 0
20150608 5023 1 4657 0
20150608 4992 1 6218 0
20150608 4309 1 3792 0
20150608 4891 1 5365 0
20150608 4740 1 4568 0
20150608 6056 1 3161 0
20150608 4787 1 4885 0
20150608 4257 1 5653 0
20150608 4675 1 642 0
20150608 5023 1 3850 0
20150608 4992 1 4309 0
20150608 5218 1 4891 0
20150608 4740 1 6056 0
20150608 4787 1 4257 0
20150608 4675 1 5023 0
20150608 5218 1 4992 0
20150608 4740 1 4787 0
20150608 4675 1 5218 0
20150608 4740 1 4675 0
20150427 4892 1 5562 0
20150427 5921 1 5282 0
20150427 6386 1 5068 0
20150427 5792 1 5990 0
20150427 3654 1 4765 0
20150427 4178 1 6378 0
20150427 4750 1 4591 0
20150427 4925 1 5656 0
20150427 4594 1 3563 0
20150427 6417 1 4866 0
20150427 4346 1 5301 0
20150427 4196 1 6133 0
20150427 4892 1 3850 0
20150427 6386 1 5921 0
20150427 5792 1 10790 0
20150427 4178 1 3654 0
20150427 4750 1 4925 0
20150427 4594 1 4912 0
20150427 6417 1 4346 0
20150427 4196 1 4726 0
20150427 6386 1 4892 0
20150427 5792 1 4178 0
20150427 4750 1 4594 0
20150427 4196 1 6417 0
20150427 6386 1 5792 0
20150427 4750 1 4196 0
20150427 4750 1 6386 0
20150921 4617 1 26129 0
20150921 4714 1 6408 0
20150921 5301 1 5418 0
20150921 4885 1 4590 0
20150921 3792 1 4972 0
20150921 4792 1 5053 0
20150921 5653 1 5322 0
20150921 6283 1 5562 0
20150921 4556 1 6123 0
20150921 3988 1 4020 0
20150921 4568 1 5199 0
20150921 5526 1 5089 0
20150921 4617 1 4604 0
20150921 5301 1 4714 0
20150921 6218 1 4885 0
20150921 4792 1 3792 0
20150921 6283 1 5653 0
20150921 5129 1 4556 0
20150921 3988 1 4568 0
20150921 5668 1 5526 0
20150921 5301 1 4617 0
20150921 6218 1 4792 0
20150921 5129 1 6283 0
20150921 5668 1 3988 0
20150921 5301 1 6218 0
20150921 5668 1 5129 0
20150921 5668 1 5301 0
20151005 4918 1 4617 0
20151005 5571 1 4792 0
20151005 5347 1 3988 0
20151005 4542 1 6218 0
20151005 3968 1 5055 0
20151005 4583 1 5368 0
20151005 4227 1 5164 0
20151005 4675 1 5668 0
20151005 4885 1 4539 0
20151005 6043 1 4556 0
20151005 5563 1 3605 0
20151005 4740 1 5827 0
20151005 5661 1 4309 0
20151005 4919 1 5362 0
20151005 3331 1 4196 0
20151005 4652 1 4604 0
20151005 4918 1 5571 0
20151005 4542 1 5347 0
20151005 3968 1 4583 0
20151005 4227 1 4675 0
20151005 6043 1 4885 0
20151005 4740 1 5563 0
20151005 4919 1 5661 0
20151005 4652 1 3331 0
20151005 4918 1 4542 0
20151005 3968 1 4227 0
20151005 4740 1 6043 0
20151005 4919 1 4652 0
20151005 4918 1 3968 0
20151005 4740 1 4919 0
20151005 4918 1 4740 0
20150216 4726 1 5428 0
20150216 4227 1 5023 0
20150216 6030 1 5032 0
20150216 5164 1 5272 0
20150216 3331 1 4457 0
20150216 6408 1 5921 0
20150216 26129 1 4531 0
20150216 5436 1 5053 0
20150216 5282 1 5014 0
20150216 5373 1 4468 0
20150216 5056 1 11613 0
20150216 5229 1 4556 0
20150216 4675 1 3563 0
20150216 6056 1 4289 0
20150216 6400 1 4990 0
20150216 4591 1 4542 0
20150216 4227 1 4726 0
20150216 5164 1 6030 0
20150216 3331 1 6408 0
20150216 5436 1 26129 0
20150216 5373 1 5282 0
20150216 5229 1 5056 0
20150216 6056 1 4675 0
20150216 6400 1 4591 0
20150216 5164 1 4227 0
20150216 3331 1 5436 0
20150216 5373 1 5229 0
20150216 6056 1 6400 0
20150216 3331 1 5164 0
20150216 5373 1 6056 0
20150216 3331 1 5373 0
20151026 3817 1 5053 0
20151026 4257 1 5653 0
20151026 5164 1 4675 0
20151026 5661 1 4309 0
20151026 4726 1 6417 0
20151026 5373 1 5952 0
20151026 6043 1 6030 0
20151026 4542 1 5199 0
20151026 5218 1 3841 0
20151026 4556 1 4912 0
20151026 5762 1 4657 0
20151026 4740 1 4583 0
20151026 4750 1 6195 0
20151026 6218 1 4892 0
20151026 5569 1 5229 0
20151026 3331 1 4524 0
20151026 3817 1 4257 0
20151026 5661 1 5164 0
20151026 5373 1 4726 0
20151026 6043 1 4542 0
20151026 5218 1 4556 0
20151026 4740 1 5762 0
20151026 4750 1 6218 0
20151026 3331 1 5569 0
20151026 3817 1 5661 0
20151026 6043 1 5373 0
20151026 4740 1 5218 0
20151026 4750 1 3331 0
20151026 3817 1 6043 0
20151026 4740 1 4750 0
20151026 3817 1 4740 0
20150524 4918 1 3811 0
20150524 4178 1 3891 0
20150524 6408 1 5917 0
20150524 6056 1 4560 0
20150524 4750 1 5315 0
20150524 4120 1 5004 0
20150524 4227 1 4877 0
20150524 4726 1 5056 0
20150524 6043 1 5762 0
20150524 5792 1 3605 0
20150524 6417 1 5014 0
20150524 3988 1 4972 0
20150524 3779 1 5164 0
20150524 5708 1 4289 0
20150524 4594 1 5229 0
20150524 4740 1 11495 0
20150524 4911 1 6017 0
20150524 5301 1 5563 0
20150524 6363 1 3563 0
20150524 6386 1 4792 0
20150524 5661 1 5921 0
20150524 5044 1 5373 0
20150524 4866 1 3580 0
20150524 4542 1 4309 0
20150524 5218 1 4892 0
20150524 5054 1 5887 0
20150524 5653 1 11541 0
20150524 4912 1 6195 0
20150524 4675 1 5513 0
20150524 4617 1 4324 0
20150524 4590 1 5145 0
20150524 3968 1 5032 0
20150524 5440 1 3906 0
20150524 5055 1 4591 0
20150524 3792 1 5065 0
20150524 4267 1 6106 0
20150524 5129 1 4250 0
20150524 4583 1 11236 0
20150524 4335 1 5628 0
20150524 4556 1 3850 0
20150524 4539 1 5857 0
20150524 4531 1 5053 0
20150524 4662 1 5068 0
20150524 4257 1 4421 0
20150524 4919 1 5138 0
20150524 5322 1 5656 0
20150524 3283 1 4468 0
20150524 4604 1 6400 0
20150524 4524 1 4940 0
20150524 5569 1 4214 0
20150524 4657 1 5562 0
20150524 5436 1 4196 0
20150524 5199 1 4990 0
20150524 3915 1 6278 0
20150524 5362 1 26242 0
20150524 4465 1 6283 0
20150524 4787 1 4271 0
20150524 6028 1 4885 0
20150524 6218 1 5368 0
20150524 4652 1 5023 0
20150524 4568 1 3331 0
20150524 5985 1 4020 0
20150524 4714 1 4891 0
20150524 3817 1 4266 0
20150524 4918 1 4178 0
20150524 6408 1 6056 0
20150524 4750 1 4120 0
20150524 4726 1 4227 0
20150524 6043 1 5792 0
20150524 6417 1 3988 0
20150524 5708 1 3779 0
20150524 4740 1 4594 0
20150524 4911 1 5301 0
20150524 6386 1 6363 0
20150524 5661 1 5044 0
20150524 4866 1 4542 0
20150524 5218 1 5054 0
20150524 4912 1 5653 0
20150524 4617 1 4675 0
20150524 3968 1 4590 0
20150524 5440 1 5055 0
20150524 3792 1 4267 0
20150524 4583 1 5129 0
20150524 4556 1 4335 0
20150524 4539 1 4531 0
20150524 4662 1 4257 0
20150524 5322 1 4919 0
20150524 4604 1 3283 0
20150524 4524 1 5569 0
20150524 5436 1 4657 0
20150524 3915 1 5199 0
20150524 4465 1 5362 0
20150524 4787 1 6028 0
20150524 4652 1 6218 0
20150524 5985 1 4568 0
20150524 3817 1 4714 0
20150524 4918 1 6408 0
20150524 4750 1 4726 0
20150524 6043 1 6417 0
20150524 4740 1 5708 0
20150524 4911 1 6386 0
20150524 4866 1 5661 0
20150524 5218 1 4912 0
20150524 3968 1 4617 0
20150524 5440 1 3792 0
20150524 4556 1 4583 0
20150524 4539 1 4662 0
20150524 4604 1 5322 0
20150524 4524 1 5436 0
20150524 4465 1 3915 0
20150524 4787 1 4652 0
20150524 3817 1 5985 0
20150524 4918 1 4750 0
20150524 4740 1 6043 0
20150524 4911 1 4866 0
20150524 3968 1 5218 0
20150524 5440 1 4556 0
20150524 4539 1 4604 0
20150524 4524 1 4465 0
20150524 3817 1 4787 0
20150524 4918 1 4740 0
20150524 4911 1 3968 0
20150524 4539 1 5440 0
20150524 4524 1 3817 0
20150524 4918 1 4911 0
20150524 4524 1 4539 0
20150524 4524 1 4918 0
20151115 4918 1 5440 0
20151115 3817 1 4604 0
20151115 4911 1 3968 0
20151115 4740 1 4524 0
20151115 5440 1 4604 0
20151115 3817 1 4918 0
20151115 4740 1 4911 0
20151115 4524 1 3968 0
20151115 3817 1 5440 0
20151115 4918 1 4604 0
20151115 4740 1 3968 0
20151115 4524 1 4911 0
20151115 4918 1 4740 0
20151115 3817 1 4524 0
20151115 4918 1 3817 0
20151123 3924 1 3891 0
20151123 5425 1 3891 0
20151123 3891 1 4731 0
20151123 5425 1 3924 0
20151123 3924 1 4731 0
20151123 5425 1 4731 0
20151123 6050 1 5537 0
20151123 5537 1 5418 0
20151123 5537 1 6090 0
20151123 5418 1 6050 0
20151123 6090 1 6050 0
20151123 6090 1 5418 0
20151123 5425 1 6090 0
20151123 3924 1 5537 0
20151123 5425 1 3924 0
20150306 4465 1 5513 0
20150306 4787 1 4257 0
20150306 4257 1 4465 0
20150306 5513 1 3915 0
20150306 4911 1 5373 0
20150306 4863 1 4542 0
20150306 4911 1 4542 0
20150306 5373 1 4863 0
20150306 6408 1 4583 0
20150306 6056 1 6195 0
20150306 6056 1 4583 0
20150306 3900 1 5023 0
20150306 5053 1 4617 0
20150306 4309 1 4972 0
20150306 5053 1 4309 0
20150306 4868 1 4919 0
20150306 5145 1 4120 0
20150306 4912 1 5055 0
20150306 4912 1 5145 0
20150306 5628 1 5055 0
20150306 4918 1 6228 0
20150306 4675 1 6417 0
20150306 5921 1 5007 0
20150306 4675 1 6228 0
20150306 5668 1 5138 0
20150306 5440 1 5563 0
20150306 5440 1 5668 0
20150306 5563 1 4421 0
20150306 5952 1 5065 0
20150306 4324 1 3965 0
20150306 5952 1 4324 0
20150306 5661 1 4842 0
20150717 4465 1 4863 0
20150717 4911 1 4539 0
20150717 4911 1 4465 0
20150717 5053 1 6408 0
20150717 4868 1 6386 0
20150717 5023 1 5053 0
20150717 3718 1 4868 0
20150717 4912 1 5921 0
20150717 5628 1 4675 0
20150717 5569 1 6028 0
20150717 4120 1 5921 0
20150717 4324 1 4430 0
20150717 5661 1 6275 0
20150717 6278 1 4430 0
20150717 4324 1 6275 0
20150918 4911 1 6408 0
20150918 6056 1 5541 0
20150918 4911 1 6056 0
20150918 6408 1 5541 0
20150918 5661 1 5628 0
20150918 4912 1 4324 0
20150918 5661 1 6028 0
20150918 4324 1 5628 0
20151127 5661 1 6363 0
20151127 4911 1 5065 0
20151127 4911 1 5661 0
20150306 3605 1 8771 0
20150306 5970 1 5484 0
20150306 3605 1 5970 0
20150306 5484 1 4653 0
20150306 5282 1 4652 0
20150306 5044 1 5884 0
20150306 4652 1 5044 0
20150306 5282 1 5884 0
20150717 3605 1 5102 0
20150717 5262 1 5484 0
20150717 3605 1 5262 0
20150717 5862 1 6217 0
20150918 5970 1 5102 0
20150918 5862 1 4653 0
20150918 5970 1 5862 0
20150918 5262 1 8771 0
20150306 5775 1 3819 0
20150306 11238 1 6121 0
20150306 11238 1 3819 0
20150306 6121 1 6212 0
20150306 5827 1 4901 0
20150306 5021 1 5571 0
20150306 4901 1 4805 0
20150306 5021 1 5919 0
20150717 11238 1 4731 0
20150717 4792 1 11840 0
20150717 4792 1 11238 0
20150717 11840 1 6366 0
20150717 5021 1 4497 0
20150717 6011 1 4901 0
20150717 4497 1 5416 0
20150717 6011 1 5021 0
20150306 4231 1 5526 0
20150306 5708 1 4945 0
20150306 5708 1 4231 0
20150306 26129 1 4945 0
20150306 11236 1 3779 0
20150306 4885 1 5857 0
20150306 4885 1 11236 0
20150306 5575 1 5857 0
20150306 5362 1 4808 0
20150306 5599 1 5573 0
20150306 5362 1 5573 0
20150306 5032 1 5437 0
20150306 4491 1 6284 0
20150306 5642 1 4531 0
20150306 4491 1 22583 0
20150306 5642 1 6284 0
20150306 5562 1 3995 0
20150306 5653 1 5812 0
20150306 5653 1 5562 0
20150306 5812 1 11829 0
20150717 3988 1 26129 0
20150717 4662 1 11610 0
20150717 5526 1 3988 0
20150717 26129 1 4662 0
20150717 5208 1 6218 0
20150717 4885 1 4892 0
20150717 4892 1 6218 0
20150717 3592 1 4616 0
20150717 5642 1 5599 0
20150717 5362 1 4491 0
20150717 5362 1 5642 0
20150717 4491 1 5599 0
20150717 5229 1 5653 0
20150717 4305 1 4657 0
20150717 5653 1 4657 0
20150918 4740 1 11488 0
20150918 3968 1 4231 0
20150918 5129 1 4231 0
20150918 3968 1 11488 0
20150717 4531 1 6232 0
20150717 4799 1 4808 0
20150717 26508 1 27361 0
20150717 6232 1 4799 0
20150918 5562 1 6154 0
20150918 5004 1 5812 0
20150918 5004 1 5562 0
20150918 22356 1 8733 0
20150306 5946 1 45050 0
20150306 6160 1 9242 0
20150306 6160 1 21366 0
20150306 5324 1 9242 0
20150306 5641 1 8753 0
20150306 5528 1 8774 0
20150306 5641 1 5528 0
20150306 25606 1 8748 0
20150306 4532 1 5147 0
20150306 6183 1 5838 0
20150306 4532 1 6183 0
20150306 6411 1 5920 0
20150306 11832 1 22704 0
20150306 11832 1 22006 0
20150306 5061 1 22704 0
20150717 5641 1 5946 0
20150717 6160 1 4758 0
20150717 5641 1 6160 0
20150717 5946 1 4758 0
20150717 5805 1 6397 0
20150717 6411 1 5838 0
20150717 5805 1 5838 0
20150717 6411 1 26239 0
20150918 6159 1 6160 0
20150918 5061 1 5454 0
20150918 5805 1 44834 0
20150918 6159 1 5454 0
20150306 4227 1 8957 0
20150306 5477 1 8603 0
20150306 6222 1 45056 0
20150306 5477 1 8957 0
20150306 4588 1 4628 0
20150306 4601 1 34921 0
20150306 4597 1 34921 0
20150306 8702 1 8732 0
20150306 5451 1 5553 0
20150306 4903 1 3873 0
20150306 5797 1 5592 0
20150306 5168 1 5553 0
20150306 3527 1 21943 0
20150306 3598 1 3497 0
20150306 3598 1 20827 0
20150306 3497 1 26716 0
20150717 5477 1 6135 0
20150717 4227 1 4588 0
20150717 4227 1 4601 0
20150714 3497 1 5168 0
20150714 8751 1 5797 0
20150714 20827 1 5797 0
20150918 3497 1 5477 0
20150918 4496 1 8751 0
20150918 6222 1 3497 0
20150918 3527 1 5477 0
20150306 4692 1 17391 0
20150306 4940 1 20436 0
20150306 4940 1 4692 0
20150306 17391 1 5422 0
20150306 5289 1 5894 0
20150306 6063 1 5230 0
20150306 6063 1 5894 0
20150306 5289 1 5230 0
20150306 5301 1 4834 0
20150306 4346 1 4464 0
20150306 4464 1 6378 0
20150306 6234 1 5241 0
20150306 3811 1 6018 0
20150306 4110 1 6085 0
20150306 3811 1 4110 0
20150306 6018 1 5744 0
20150306 5791 1 5612 0
20150306 5985 1 11796 0
20150306 5480 1 5612 0
20150306 11796 1 24018 0
20150306 5418 1 21931 0
20150306 5901 1 4600 0
20150306 5901 1 5418 0
20150306 21931 1 45057 0
20150306 4178 1 8764 0
20150306 5173 1 11203 0
20150306 4178 1 5173 0
20150306 8765 1 7083 0
20150306 6327 1 5572 0
20150306 6205 1 11816 0
20150306 6205 1 6327 0
20150306 5572 1 44888 0
20150717 4940 1 6063 0
20150717 5289 1 17391 0
20150717 4940 1 5289 0
20150717 6063 1 17391 0
20150717 5301 1 5744 0
20150717 3811 1 4346 0
20150717 5301 1 3811 0
20150717 6378 1 6085 0
20150717 5901 1 5480 0
20150717 5791 1 5939 0
20150717 5901 1 5791 0
20150717 5939 1 5480 0
20150717 6205 1 11203 0
20150717 5762 1 7083 0
20150717 4997 1 11203 0
20150717 4904 1 45355 0
20150918 6063 1 5301 0
20150918 5656 1 5576 0
20150918 5301 1 5576 0
20150918 6063 1 4346 0
20150918 5939 1 4997 0
20150918 5901 1 6205 0
20150918 5901 1 5572 0
20150918 6205 1 21931 0
20150717 4692 1 4938 0
20150717 20436 1 5894 0
20150717 20436 1 4938 0
20150717 5422 1 5894 0
20150717 4834 1 4110 0
20150717 6018 1 4464 0
20150717 4110 1 4464 0
20150717 5612 1 45057 0
20150717 11796 1 32601 0
20150717 5612 1 22548 0
20150717 11796 1 45356 0
20150717 6327 1 8764 0
20150717 5173 1 8746 0
20150717 6327 1 5173 0
20150717 45357 1 11816 0
20150717 34921 1 34149 0
20150717 4628 1 45358 0
20150717 45358 1 34921 0
20150717 4628 1 33336 0
20150717 5553 1 4889 0
20150717 3598 1 5592 0
20150717 4889 1 3873 0
20150717 5528 1 9242 0
20150717 45359 1 21366 0
20150717 25606 1 45050 0
20150717 45359 1 9242 0
20150717 5147 1 5920 0
20150717 6183 1 22704 0
20150717 5920 1 6183 0
20150717 5264 1 24000 0
20151030 24098 1 8771 0
20151030 5970 1 27605 0
20151030 5970 1 24098 0
20151030 45622 1 18626 0
20150918 5571 1 6121 0
20150918 5827 1 11217 0
20150918 5571 1 11217 0
20150918 4805 1 6121 0
20150918 4583 1 6011 0
20150918 4497 1 6195 0
20150918 6195 1 6011 0
20150918 4524 1 5208 0
20150918 3817 1 4616 0
20150918 3817 1 5208 0
20150918 5952 1 26681 0
20150918 4556 1 4617 0
20150918 4919 1 26129 0
20150918 4919 1 4556 0
20150918 3891 1 4502 0
20150918 4792 1 5436 0
20150918 6043 1 4731 0
20150918 6043 1 4792 0
20150918 5044 1 6106 0
20150918 5440 1 4266 0
20150918 5440 1 5044 0
20150918 6106 1 4266 0
20150918 3605 1 4457 0
20150918 4257 1 5484 0
20150918 4257 1 3605 0
20150918 3792 1 6217 0
20150918 5055 1 6228 0
20150918 6417 1 5145 0
20150918 6417 1 5055 0
20150918 5362 1 4305 0
20150918 5653 1 5599 0
20150918 5362 1 5653 0
20150918 4305 1 5599 0
