20151130,1,104925,16585
20151130,2,104918,8945
20151130,3,103819,8265
20151130,4,104527,6865
20151130,5,104745,5230
20151130,6,104607,4620
20151130,7,103970,4305
20151130,8,105453,4235
20151130,9,104755,2850
20151130,10,104542,2635
20151130,11,104545,2495
20151130,12,104731,2475
20151130,13,105227,2405
20151130,14,105683,2170
20151130,15,104468,2145
20151130,16,105676,1880
20151130,17,103852,1690
20151130,18,106071,1675
20151130,19,105332,1633
20151130,20,106233,1600
20151130,21,104926,1515
20151130,22,104678,1487
20151130,23,103333,1485
20151130,24,104792,1485
20151130,25,105138,1480
20151130,26,106058,1465
20151130,27,104198,1430
20151130,28,105777,1360
20151130,29,104312,1360
20151130,30,106401,1260
20151130,31,104871,1255
20151130,32,105449,1240
20151130,33,105311,1191
20151130,34,104259,1185
20151130,35,104919,1150
20151130,36,105238,1135
20151130,37,105064,1105
20151130,38,104180,1105
20151130,39,105577,1075
20151130,40,104655,1065
20151130,41,106210,1057
20151130,42,103990,1000
20151130,43,105373,980
20151130,44,106432,941
20151130,45,105379,939
20151130,46,104571,933
20151130,47,105173,930
20151130,48,105385,907
20151130,49,104269,900
20151130,50,104559,863
20151130,51,111202,817
20151130,52,105643,815
20151130,53,104338,810
20151130,54,105077,798
20151130,55,104586,797
20151130,56,103607,797
20151130,57,105668,795
20151130,58,104620,790
20151130,59,105023,785
20151130,60,105032,782
20151130,61,104797,781
20151130,62,104660,780
20151130,63,104890,775
20151130,64,104665,770
20151130,65,105062,762
20151130,66,104898,740
20151130,67,105807,734
20151130,68,103893,725
20151130,69,106045,719
20151130,70,105053,716
20151130,71,103917,710
20151130,72,105438,703
20151130,73,104597,694
20151130,74,105550,693
20151130,75,103926,681
20151130,76,105583,678
20151130,77,104229,674
20151130,78,106298,672
20151130,79,105723,663
20151130,80,106423,656
20151130,81,105208,655
20151130,82,106000,649
20151130,83,100644,647
20151130,84,104719,645
20151130,85,105575,641
20151130,86,104327,638
20151130,87,104471,636
20151130,88,106043,624
20151130,89,104330,623
20151130,90,106065,618
20151130,91,105539,615
20151130,92,105357,611
20151130,93,106026,610
20151130,94,105011,605
20151130,95,103908,604
20151130,96,106121,603
20151130,97,103794,591
20151130,98,104593,590
20151130,99,105217,587
20151130,100,104534,578
20151130,101,105936,574
20151130,102,106378,568
20151130,103,104291,566
20151130,104,105932,562
20151130,105,105572,559
20151130,106,105051,557
20151130,107,104563,552
20151130,108,105526,547
20151130,109,105074,543
20151130,110,105065,543
20151130,111,105041,534
20151130,112,104122,530
20151130,113,105992,528
20151130,114,104947,520
20151130,115,103582,511
20151130,116,103656,508
20151130,117,106415,495
20151130,118,104460,493
20151130,119,105147,487
20151130,120,105902,485
20151130,121,105430,485
20151130,122,104268,484
20151130,123,104273,475
20151130,124,104547,475
20151130,125,104297,473
20151130,126,105216,472
20151130,127,104022,465
20151130,128,106216,463
20151130,129,105441,459
20151130,130,106293,452
20151130,131,106148,449
20151130,132,104424,447
20151130,133,105671,441
20151130,134,106261,440
20151130,135,111577,439
20151130,136,105806,432
20151130,137,111200,431
20151130,138,106032,431
20151130,139,105613,431
20151130,140,104505,429
20151130,141,105487,428
20151130,142,105292,425
20151130,143,105154,422
20151130,144,104629,415
20151130,145,105641,408
20151130,146,104997,407
20151130,147,105413,406
20151130,148,104216,404
20151130,149,104932,396
20151130,150,104007,389
20151130,151,104882,382
20151130,152,111575,379
20151130,153,103813,375
20151130,154,111442,375
20151130,155,103781,367
20151130,156,104868,365
20151130,157,105341,362
20151130,158,105063,360
20151130,159,104978,358
20151130,160,106361,353
20151130,161,104736,349
20151130,162,104873,345
20151130,163,105132,343
20151130,164,104628,321
20151130,165,105657,318
20151130,166,105589,318
20151130,167,105070,316
20151130,168,105732,313
20151130,169,104095,306
20151130,170,104494,305
20151130,171,105031,301
20151130,172,104999,299
20151130,173,111513,299
20151130,174,126094,297
20151130,175,104813,297
20151130,176,105952,296
20151130,177,126203,290
20151130,178,106105,290
20151130,179,106044,288
20151130,180,126207,286
20151130,181,104500,284
20151130,182,104672,282
20151130,183,106390,280
20151130,184,105015,276
20151130,185,105554,274
20151130,186,105454,273
20151130,187,106291,266
20151130,188,106078,264
20151130,189,105585,264
20151130,190,104117,261
20151130,191,105515,257
20151130,192,103835,256
20151130,193,104308,256
20151130,194,105376,254
20151130,195,106234,254
20151130,196,106137,253
20151130,197,103285,252
20151130,198,105512,252
20151130,199,105655,251
20151130,200,105967,251
20151130,201,104963,249
20151130,202,104945,246
20151130,203,105738,245
20151130,204,111460,244
20151130,205,106288,243
20151130,206,104979,241
20151130,207,106093,241
20151130,208,123896,241
20151130,209,104251,241
20151130,210,103565,239
20151130,211,104433,239
20151130,212,110602,239
20151130,213,105872,237
20151130,214,105916,237
20151130,215,105590,237
20151130,216,104252,236
20151130,217,105472,236
20151130,218,105339,236
20151130,219,104851,235
20151130,220,104897,231
20151130,221,105477,231
20151130,222,105596,231
20151130,223,123921,231
20151130,224,105985,230
20151130,225,106283,229
20151130,226,106099,228
20151130,227,104467,227
20151130,228,104893,226
20151130,229,105060,224
20151130,230,106398,222
20151130,231,105359,222
20151130,232,105497,218
20151130,233,105842,218
20151130,234,106034,217
20151130,235,106177,217
20151130,236,117353,217
20151130,237,106296,216
20151130,238,121395,216
20151130,239,105137,214
20151130,240,105821,214
20151130,241,106353,212
20151130,242,105943,210
20151130,243,105654,210
20151130,244,105406,210
20151130,245,105325,209
20151130,246,105679,208
20151130,247,104810,208
20151130,248,105700,207
20151130,249,103105,206
20151130,250,104852,206
20151130,251,105841,206
20151130,252,105561,205
20151130,253,106172,205
20151130,254,104804,204
20151130,255,122078,204
20151130,256,106075,203
20151130,257,105559,202
20151130,258,105815,201
20151130,259,105633,201
20151130,260,106368,201
20151130,261,103902,199
20151130,262,109739,198
20151130,263,105426,198
20151130,264,105963,195
20151130,265,105819,195
20151130,266,106109,194
20151130,267,105085,193
20151130,268,111794,192
20151130,269,104944,192
20151130,270,104920,191
20151130,271,105894,190
20151130,272,105542,190
20151130,273,105181,189
20151130,274,126205,187
20151130,275,105229,187
20151130,276,106426,187
20151130,277,106322,187
20151130,278,104735,185
20151130,279,105072,185
20151130,280,110748,185
20151130,281,103812,183
20151130,282,103843,181
20151130,283,105678,181
20151130,284,106174,180
20151130,285,105965,180
20151130,286,104846,178
20151130,287,106393,178
20151130,288,106228,175
20151130,289,104970,175
20151130,290,106005,174
20151130,291,103401,172
20151130,292,105270,172
20151130,293,106156,171
20151130,294,110536,170
20151130,295,104905,170
20151130,296,104594,169
20151130,297,105881,167
20151130,298,105827,167
20151130,299,105493,167
20151130,300,105262,167
20151130,301,106281,166
20151130,302,105534,166
20151130,303,120401,165
20151130,304,106220,163
20151130,305,103720,160
20151130,306,105281,160
20151130,307,104499,159
20151130,308,117357,159
20151130,309,105283,159
20151130,310,106223,158
20151130,311,105299,157
20151130,312,105336,156
20151130,313,105591,156
20151130,314,106377,156
20151130,315,104729,156
20151130,316,105820,154
20151130,317,105004,152
20151130,318,105877,151
20151130,319,111506,151
20151130,320,104349,150
20151130,321,105656,149
20151130,322,104738,148
20151130,323,105692,148
20151130,324,104262,147
20151130,325,105163,147
20151130,326,132852,146
20151130,327,106164,146
20151130,328,126149,146
20151130,329,105066,145
20151130,330,106311,145
20151130,331,106421,144
20151130,332,106072,143
20151130,333,105528,143
20151130,334,103708,142
20151130,335,106358,141
20151130,336,105783,140
20151130,337,104847,140
20151130,338,105638,139
20151130,339,106248,139
20151130,340,111511,138
20151130,341,106201,138
20151130,342,105946,138
20151130,343,126125,138
20151130,344,105691,136
20151130,345,103863,135
20151130,346,105726,135
20151130,347,105674,135
20151130,348,105871,133
20151130,349,125796,131
20151130,350,105254,131
20151130,351,104864,130
20151130,352,105026,130
20151130,353,111578,129
20151130,354,105271,129
20151130,355,105751,129
20151130,356,125802,129
20151130,357,105422,129
20151130,358,105178,129
20151130,359,111586,128
20151130,360,106431,126
20151130,361,105787,126
20151130,362,105789,126
20151130,363,105716,126
20151130,364,106324,126
20151130,365,105161,124
20151130,366,110686,123
20151130,367,105895,123
20151130,368,106420,121
20151130,369,105948,121
20151130,370,111427,120
20151130,371,105587,120
20151130,372,105905,120
20151130,373,105353,120
20151130,374,132283,119
20151130,375,105814,119
20151130,376,111456,118
20151130,377,111797,118
20151130,378,106403,118
20151130,379,111192,117
20151130,380,104233,116
20151130,381,105824,116
20151130,382,104822,115
20151130,383,106057,113
20151130,384,105707,112
20151130,385,104676,112
20151130,386,105810,112
20151130,387,106290,112
20151130,388,105116,112
20151130,389,104907,111
20151130,390,124014,111
20151130,391,105697,111
20151130,392,106329,110
20151130,393,106333,110
20151130,394,111508,110
20151130,395,105530,109
20151130,396,105443,107
20151130,397,105782,107
20151130,398,111190,107
20151130,399,105111,107
20151130,400,109303,107
20151130,401,105421,107
20151130,402,109054,107
20151130,403,109334,107
20151130,404,106110,107
20151130,405,123785,107
20151130,406,104386,106
20151130,407,144750,106
20151130,408,105331,106
20151130,409,105274,105
20151130,410,105586,105
20151130,411,105960,104
20151130,412,106198,104
20151130,413,105415,104
20151130,414,105014,103
20151130,415,103657,103
20151130,416,105313,103
20151130,417,105179,102
20151130,418,105476,102
20151130,419,106117,102
20151130,420,105731,101
20151130,421,105399,101
20151130,422,106175,101
20151130,423,103888,100
20151130,424,105047,100
20151130,425,105651,100
20151130,426,105906,100
20151130,427,123755,99
20151130,428,105464,99
20151130,429,105233,99
20151130,430,104901,99
20151130,431,106138,99
20151130,432,105974,99
20151130,433,106292,98
20151130,434,104619,97
20151130,435,106243,97
20151130,436,105626,96
20151130,437,106040,96
20151130,438,122536,96
20151130,439,144719,95
20151130,440,120775,94
20151130,441,105398,94
20151130,442,105853,94
20151130,443,123828,94
20151130,444,106381,93
20151130,445,122248,93
20151130,446,106169,93
20151130,447,106006,92
20151130,448,111512,92
20151130,449,105059,92
20151130,450,106021,91
20151130,451,105302,90
20151130,452,105098,90
20151130,453,126197,89
20151130,454,105100,89
20151130,455,106408,89
20151130,456,111581,88
20151130,457,111505,88
20151130,458,106120,88
20151130,459,105245,87
20151130,460,105882,87
20151130,461,105507,87
20151130,462,105381,87
20151130,463,105611,86
20151130,464,104644,86
20151130,465,105888,86
20151130,466,111576,86
20151130,467,105401,85
20151130,468,126340,85
20151130,469,105436,85
20151130,470,105924,85
20151130,471,110636,84
20151130,472,106218,84
20151130,473,105338,84
20151130,474,105909,84
20151130,475,117356,84
20151130,476,103163,83
20151130,477,103997,83
20151130,478,105099,83
20151130,479,105650,83
20151130,480,105938,83
20151130,481,105096,83
20151130,482,106167,82
20151130,483,106214,82
20151130,484,122109,82
20151130,485,105714,82
20151130,486,105288,82
20151130,487,110754,82
20151130,488,104986,81
20151130,489,105088,79
20151130,490,104112,79
20151130,491,105180,79
20151130,492,105508,79
20151130,493,105747,79
20151130,494,106249,77
20151130,495,106074,76
20151130,496,110468,76
20151130,497,105514,74
20151130,498,105595,74
20151130,499,104477,74
20151130,500,105091,74
20151130,501,106203,74
20151130,502,105889,74
20151130,503,117358,74
20151130,504,104550,73
20151130,505,126127,73
20151130,506,105944,72
20151130,507,117365,71
20151130,508,200024,71
20151130,509,105614,70
20151130,510,105529,70
20151130,511,104532,70
20151130,512,105523,70
20151130,513,109686,70
20151130,514,121531,69
20151130,515,106342,69
20151130,516,105670,69
20151130,517,111194,69
20151130,518,105130,69
20151130,519,105257,69
20151130,520,106050,69
20151130,521,106154,69
20151130,522,105314,69
20151130,523,105120,68
20151130,524,110539,68
20151130,525,105499,68
20151130,526,105911,67
20151130,527,104306,67
20151130,528,126107,67
20151130,529,110757,67
20151130,530,105172,66
20151130,531,126610,66
20151130,532,106270,66
20151130,533,103898,65
20151130,534,110751,65
20151130,535,105702,65
20151130,536,105826,65
20151130,537,105757,65
20151130,538,111193,65
20151130,539,106348,65
20151130,540,105525,64
20151130,541,106016,64
20151130,542,105502,64
20151130,543,106008,64
20151130,544,126115,63
20151130,545,110778,63
20151130,546,111187,63
20151130,547,106186,62
20151130,548,109318,62
20151130,549,105225,62
20151130,550,105574,62
20151130,551,105836,61
20151130,552,110774,61
20151130,553,124154,61
20151130,554,103188,60
20151130,555,103821,60
20151130,556,106266,60
20151130,557,110750,60
20151130,558,111451,60
20151130,559,104980,60
20151130,560,105758,60
20151130,561,104714,59
20151130,562,106227,59
20151130,563,104627,59
20151130,564,105552,59
20151130,565,111765,59
20151130,566,123819,59
20151130,567,106331,58
20151130,568,106307,58
20151130,569,105634,58
20151130,570,106181,58
20151130,571,122548,57
20151130,572,126774,57
20151130,573,105917,57
20151130,574,104003,56
20151130,575,110749,56
20151130,576,105571,56
20151130,577,106412,56
20151130,578,106299,56
20151130,579,105868,56
20151130,580,106362,55
20151130,581,105223,55
20151130,582,106225,55
20151130,583,106191,55
20151130,584,126523,55
20151130,585,106350,55
20151130,586,123809,55
20151130,587,105892,55
20151130,588,144707,54
20151130,589,116985,54
20151130,590,105156,54
20151130,591,105628,54
20151130,592,122538,54
20151130,593,105452,54
20151130,594,105388,53
20151130,595,105109,53
20151130,596,111792,53
20151130,597,105071,53
20151130,598,105510,53
20151130,599,144638,53
20151130,600,126646,52
20151130,601,120798,52
20151130,602,126206,52
20151130,603,105601,52
20151130,604,104654,52
20151130,605,105483,52
20151130,606,123795,52
20151130,607,105672,51
20151130,608,105432,51
20151130,609,104695,51
20151130,610,111493,51
20151130,611,105688,51
20151130,612,105273,51
20151130,613,105969,51
20151130,614,122638,51
20151130,615,104856,50
20151130,616,117361,50
20151130,617,105686,50
20151130,618,105498,50
20151130,619,105334,50
20151130,620,122606,50
20151130,621,106196,50
20151130,622,109737,50
20151130,623,123920,50
20151130,624,105558,49
20151130,625,128034,49
20151130,626,106374,49
20151130,627,111582,49
20151130,628,105142,49
20151130,629,105843,49
20151130,630,103808,48
20151130,631,126979,48
20151130,632,105630,48
20151130,633,103175,48
20151130,634,134868,48
20151130,635,124089,48
20151130,636,126409,48
20151130,637,104535,48
20151130,638,106207,47
20151130,639,105152,47
20151130,640,126128,46
20151130,641,105934,46
20151130,642,106335,46
20151130,643,105860,46
20151130,644,106240,46
20151130,645,104936,46
20151130,646,105662,46
20151130,647,105061,46
20151130,648,105029,45
20151130,649,104836,45
20151130,650,120424,45
20151130,651,122669,45
20151130,652,122321,45
20151130,653,144645,45
20151130,654,126091,45
20151130,655,123827,45
20151130,656,122222,44
20151130,657,105870,43
20151130,658,106100,43
20151130,659,104474,43
20151130,660,104771,43
20151130,661,105778,43
20151130,662,106168,43
20151130,663,111790,42
20151130,664,110596,42
20151130,665,117364,42
20151130,666,105797,42
20151130,667,104187,42
20151130,668,105030,41
20151130,669,105954,41
20151130,670,106035,41
20151130,671,120922,41
20151130,672,109640,41
20151130,673,106247,41
20151130,674,106246,41
20151130,675,126183,41
20151130,676,106302,40
20151130,677,105447,40
20151130,678,124079,40
20151130,679,104615,40
20151130,680,106162,40
20151130,681,106382,40
20151130,682,106380,40
20151130,683,105669,40
20151130,684,106095,39
20151130,685,106033,39
20151130,686,106425,39
20151130,687,111775,39
20151130,688,106355,39
20151130,689,105635,39
20151130,690,106301,39
20151130,691,105737,39
20151130,692,105618,39
20151130,693,105236,39
20151130,694,123858,38
20151130,695,124186,38
20151130,696,105251,38
20151130,697,126156,38
20151130,698,121584,38
20151130,699,104770,37
20151130,700,104354,37
20151130,701,111447,37
20151130,702,108705,37
20151130,703,105551,37
20151130,704,105166,36
20151130,705,106079,36
20151130,706,105935,36
20151130,707,106155,36
20151130,708,126634,36
20151130,709,106410,36
20151130,710,105766,36
20151130,711,106140,36
20151130,712,106375,36
20151130,713,104789,36
20151130,714,105490,36
20151130,715,108748,36
20151130,716,123983,36
20151130,717,126846,35
20151130,718,105899,35
20151130,719,105434,35
20151130,720,105006,35
20151130,721,144678,35
20151130,722,111167,35
20151130,723,105759,35
20151130,724,105786,35
20151130,725,106252,35
20151130,726,111450,35
20151130,727,106354,35
20151130,728,103924,34
20151130,729,110780,34
20151130,730,122341,34
20151130,731,125854,34
20151130,732,111761,33
20151130,733,105246,33
20151130,734,105781,33
20151130,735,126185,33
20151130,736,105886,33
20151130,737,125832,33
20151130,738,122351,33
20151130,739,104903,33
20151130,740,106132,33
20151130,741,105269,32
20151130,742,105578,32
20151130,743,111815,32
20151130,744,104523,32
20151130,745,106031,32
20151130,746,106238,32
20151130,747,125825,32
20151130,748,134472,32
20151130,749,106304,32
20151130,750,126120,32
20151130,751,106066,31
20151130,752,104332,31
20151130,753,106263,31
20151130,754,105335,31
20151130,755,104781,31
20151130,756,106023,31
20151130,757,127326,31
20151130,758,110618,31
20151130,759,106260,31
20151130,760,200000,30
20151130,761,105160,30
20151130,762,105790,30
20151130,763,106352,30
20151130,764,123855,30
20151130,765,105603,30
20151130,766,104783,29
20151130,767,106280,29
20151130,768,110601,29
20151130,769,105861,29
20151130,770,103841,28
20151130,771,104993,28
20151130,772,104082,28
20151130,773,111181,28
20151130,774,105317,28
20151130,775,105922,28
20151130,776,106143,28
20151130,777,106197,28
20151130,778,105372,28
20151130,779,105733,27
20151130,780,103574,27
20151130,781,105155,27
20151130,782,106059,27
20151130,783,105621,27
20151130,784,108767,27
20151130,785,200080,27
20151130,786,127300,27
20151130,787,105391,27
20151130,788,104883,27
20151130,789,126535,27
20151130,790,144797,26
20151130,791,104235,26
20151130,792,106053,26
20151130,793,121712,26
20151130,794,121872,26
20151130,795,126573,26
20151130,796,122571,26
20151130,797,110708,26
20151130,798,200031,26
20151130,799,122672,26
20151130,800,105664,26
20151130,801,144642,25
20151130,802,105607,25
20151130,803,124116,25
20151130,804,106073,25
20151130,805,117352,25
20151130,806,105503,25
20151130,807,106250,25
20151130,808,104933,25
20151130,809,104544,25
20151130,810,126151,25
20151130,811,105999,25
20151130,812,126512,25
20151130,813,105851,25
20151130,814,102863,24
20151130,815,123768,24
20151130,816,104556,24
20151130,817,106114,24
20151130,818,105479,24
20151130,819,131912,24
20151130,820,105450,24
20151130,821,111444,24
20151130,822,105998,24
20151130,823,105695,24
20151130,824,123835,24
20151130,825,104802,23
20151130,826,105961,23
20151130,827,105243,23
20151130,828,121497,23
20151130,829,106396,23
20151130,830,111806,23
20151130,831,126473,23
20151130,832,106187,23
20151130,833,106319,23
20151130,834,106295,23
20151130,835,106321,23
20151130,836,105823,23
20151130,837,121669,23
20151130,838,105928,23
20151130,839,144895,22
20151130,840,104473,22
20151130,841,126753,22
20151130,842,105557,22
20151130,843,117360,22
20151130,844,103623,22
20151130,845,121957,22
20151130,846,106211,22
20151130,847,111781,22
20151130,848,133291,22
20151130,849,125797,22
20151130,850,125848,22
20151130,851,122574,22
20151130,852,104592,21
20151130,853,106184,21
20151130,854,108761,21
20151130,855,105864,21
20151130,856,105579,21
20151130,857,105414,21
20151130,858,105293,21
20151130,859,106424,21
20151130,860,105918,21
20151130,861,123869,21
20151130,862,105386,20
20151130,863,105349,20
20151130,864,105926,20
20151130,865,144684,20
20151130,866,104707,20
20151130,867,126283,20
20151130,868,105460,20
20151130,869,121002,20
20151130,870,106389,20
20151130,871,110773,20
20151130,872,106097,20
20151130,873,122241,20
20151130,874,106338,20
20151130,875,111510,20
20151130,876,131867,20
20151130,876,105290,20
20151130,878,100415,20
20151130,879,121896,20
20151130,880,105632,20
20151130,881,106147,20
20151130,882,121360,20
20151130,883,121920,20
20151130,884,122394,20
20151130,885,127157,20
20151130,886,104113,19
20151130,887,105612,19
20151130,888,103891,19
20151130,889,137228,19
20151130,890,110779,19
20151130,891,144973,19
20151130,892,144656,19
20151130,893,104765,19
20151130,894,117354,19
20151130,895,122425,19
20151130,896,111197,19
20151130,897,122240,19
20151130,898,105427,19
20151130,899,124067,19
20151130,900,111795,19
20151130,901,105796,19
20151130,902,111579,18
20151130,903,104690,18
20151130,904,126152,18
20151130,905,106273,18
20151130,906,104070,18
20151130,907,105114,18
20151130,908,121816,18
20151130,909,106274,18
20151130,910,105880,18
20151130,911,105494,17
20151130,912,111801,17
20151130,913,105622,17
20151130,914,105264,17
20151130,915,111156,17
20151130,916,126617,17
20151130,917,122352,17
20151130,918,106106,17
20151130,919,106284,17
20151130,920,110758,17
20151130,921,134068,17
20151130,922,104578,17
20151130,923,124126,17
20151130,924,104331,16
20151130,925,111453,16
20151130,926,111507,16
20151130,927,111805,16
20151130,928,111584,16
20151130,929,104733,16
20151130,930,122295,16
20151130,931,104793,16
20151130,932,105869,16
20151130,933,144826,16
20151130,934,105947,16
20151130,935,106022,16
20151130,936,122358,16
20151130,937,105239,16
20151130,938,111807,16
20151130,939,106317,16
20151130,940,103722,15
20151130,940,126595,15
20151130,942,105097,15
20151130,943,106232,15
20151130,944,123742,15
20151130,945,105407,15
20151130,946,105027,15
20151130,947,106406,15
20151130,948,122471,15
20151130,949,106011,15
20151130,950,111163,15
20151130,951,125821,15
20151130,952,111201,15
20151130,953,106337,15
20151130,954,126590,15
20151130,955,104186,15
20151130,956,109699,14
20151130,957,144807,14
20151130,958,121593,14
20151130,959,103665,14
20151130,960,122330,14
20151130,961,144815,14
20151130,962,200003,14
20151130,963,105329,14
20151130,964,105296,14
20151130,965,144675,14
20151130,966,134216,14
20151130,967,121264,14
20151130,968,110727,14
20151130,969,105740,14
20151130,970,126097,14
20151130,971,126353,14
20151130,972,110762,14
20151130,973,126526,13
20151130,974,132535,13
20151130,975,124187,13
20151130,976,126609,13
20151130,977,126540,13
20151130,978,127143,13
20151130,979,110571,13
20151130,980,126158,13
20151130,981,124013,13
20151130,982,144787,13
20151130,983,131934,13
20151130,984,122357,13
20151130,985,122312,13
20151130,986,133959,13
20151130,987,121777,13
20151130,988,125847,13
20151130,989,103916,12
20151130,990,104068,12
20151130,991,104393,12
20151130,992,200096,12
20151130,993,105080,12
20151130,994,144946,12
20151130,995,126627,12
20151130,996,134120,12
20151130,997,144703,12
20151130,998,105113,12
20151130,999,133872,12
20151130,1000,126102,12
20151130,1001,126276,12
20151130,1002,105068,12
20151130,1003,105844,12
20151130,1004,105887,12
20151130,1005,123893,12
20151130,1006,105986,12
20151130,1007,106276,12
20151130,1008,105598,12
20151130,1009,105478,12
20151130,1010,122027,12
20151130,1011,105533,12
20151130,1012,127798,12
20151130,1013,109486,12
20151130,1014,126533,11
20151130,1015,200005,11
20151130,1015,122495,11
20151130,1017,134784,11
20151130,1018,109331,11
20151130,1019,144972,11
20151130,1020,144984,11
20151130,1021,125790,11
20151130,1022,106360,11
20151130,1023,119951,11
20151130,1024,123774,11
20151130,1025,111436,11
20151130,1026,110472,11
20151130,1027,126536,11
20151130,1028,126574,11
20151130,1029,106300,11
20151130,1030,126092,11
20151130,1031,122642,11
20151130,1032,105958,11
20151130,1033,126964,11
20151130,1034,106027,11
20151130,1035,144681,11
20151130,1036,105721,11
20151130,1037,122372,11
20151130,1038,122645,11
20151130,1039,133450,11
20151130,1040,122353,11
20151130,1041,105001,10
20151130,1041,105278,10
20151130,1041,103967,10
20151130,1041,103174,10
20151130,1045,105690,10
20151130,1045,105505,10
20151130,1047,122276,10
20151130,1048,105709,10
20151130,1049,126539,10
20151130,1050,106268,10
20151130,1051,126174,10
20151130,1052,106048,10
20151130,1053,122533,10
20151130,1054,105711,10
20151130,1055,104895,10
20151130,1056,121411,10
20151130,1056,111177,10
20151130,1058,134794,10
20151130,1059,105433,10
20151130,1059,110600,10
20151130,1061,132842,10
20151130,1062,104839,10
20151130,1063,106237,10
20151130,1064,131951,10
20151130,1065,126442,10
20151130,1066,105722,10
20151130,1067,104664,10
20151130,1068,111172,10
20151130,1069,105661,10
20151130,1070,105043,10
20151130,1071,110763,10
20151130,1072,127973,10
20151130,1073,106149,10
20151130,1074,126170,10
20151130,1075,105602,10
20151130,1076,122487,10
20151130,1077,106330,10
20151130,1078,122441,10
20151130,1079,125806,10
20151130,1080,105517,10
20151130,1081,133146,9
20151130,1082,200462,9
20151130,1083,104651,9
20151130,1084,126448,9
20151130,1084,200240,9
20151130,1086,105547,9
20151130,1087,105812,9
20151130,1088,126261,9
20151130,1089,105566,9
20151130,1089,126135,9
20151130,1091,105838,9
20151130,1092,126952,9
20151130,1093,123965,9
20151130,1094,120131,9
20151130,1095,105318,9
20151130,1096,138758,9
20151130,1097,105403,9
20151130,1098,111752,9
20151130,1099,122520,9
20151130,1100,144629,9
20151130,1101,124112,9
20151130,1102,124025,9
20151130,1103,144773,9
20151130,1104,105307,9
20151130,1104,106080,9
20151130,1106,110467,9
20151130,1106,123851,9
20151130,1108,105791,9
20151130,1108,122236,9
20151130,1110,126171,9
20151130,1111,126530,9
20151130,1112,105136,9
20151130,1113,123792,9
20151130,1114,104052,8
20151130,1115,104390,8
20151130,1116,104940,8
20151130,1116,120998,8
20151130,1118,104275,8
20151130,1119,106199,8
20151130,1120,103077,8
20151130,1121,105637,8
20151130,1122,126888,8
20151130,1122,111739,8
20151130,1124,106103,8
20151130,1124,126337,8
20151130,1126,105850,8
20151130,1126,134770,8
20151130,1128,120555,8
20151130,1128,121621,8
20151130,1130,105509,8
20151130,1131,200223,8
20151130,1132,144680,8
20151130,1132,106136,8
20151130,1134,123773,8
20151130,1135,127334,8
20151130,1135,120545,8
20151130,1137,121942,8
20151130,1138,127037,8
20151130,1139,104961,8
20151130,1140,126465,8
20151130,1140,123924,8
20151130,1142,122644,8
20151130,1142,106150,8
20151130,1144,131889,8
20151130,1145,121604,8
20151130,1146,106049,8
20151130,1147,144666,8
20151130,1148,106012,8
20151130,1149,104541,8
20151130,1150,111462,8
20151130,1150,126219,8
20151130,1152,122059,8
20151130,1153,105467,8
20151130,1154,126222,8
20151130,1154,105763,8
20151130,1156,126098,8
20151130,1157,106133,7
20151130,1158,122076,7
20151130,1158,127967,7
20151130,1160,133305,7
20151130,1161,104976,7
20151130,1162,105696,7
20151130,1162,133430,7
20151130,1164,122575,7
20151130,1165,127165,7
20151130,1166,125803,7
20151130,1167,127029,7
20151130,1168,104587,7
20151130,1169,144928,7
20151130,1170,106171,7
20151130,1170,111754,7
20151130,1172,111782,7
20151130,1172,132310,7
20151130,1174,105780,7
20151130,1175,122298,7
20151130,1176,106345,7
20151130,1176,123788,7
20151130,1178,106357,7
20151130,1179,126129,7
20151130,1179,126760,7
20151130,1181,200042,7
20151130,1181,105560,7
20151130,1183,126372,7
20151130,1184,129811,7
20151130,1185,121004,7
20151130,1186,132794,7
20151130,1186,105673,7
20151130,1188,122591,7
20151130,1189,105754,7
20151130,1190,126737,7
20151130,1191,122550,7
20151130,1192,120075,7
20151130,1193,105102,7
20151130,1193,122617,7
20151130,1195,126878,7
20151130,1196,117362,7
20151130,1197,106182,7
20151130,1198,132753,7
20151130,1199,103529,6
20151130,1199,104732,6
20151130,1199,104677,6
20151130,1202,105199,6
20151130,1202,200410,6
20151130,1204,145016,6
20151130,1205,125852,6
20151130,1206,105383,6
20151130,1206,104753,6
20151130,1206,106042,6
20151130,1209,103590,6
20151130,1210,126592,6
20151130,1211,106029,6
20151130,1212,109632,6
20151130,1213,105286,6
20151130,1214,126369,6
20151130,1215,126126,6
20151130,1216,126214,6
20151130,1217,144751,6
20151130,1218,110740,6
20151130,1219,126147,6
20151130,1219,105393,6
20151130,1219,144705,6
20151130,1222,127088,6
20151130,1223,105996,6
20151130,1224,106267,6
20151130,1224,105903,6
20151130,1226,133251,6
20151130,1227,121823,6
20151130,1227,106428,6
20151130,1229,122117,6
20151130,1230,104478,6
20151130,1231,105186,6
20151130,1231,126432,6
20151130,1233,122393,6
20151130,1233,138652,6
20151130,1235,124124,6
20151130,1236,106305,6
20151130,1237,105875,6
20151130,1237,109332,6
20151130,1237,105979,6
20151130,1240,133071,6
20151130,1241,105973,6
20151130,1241,126193,6
20151130,1243,121822,6
20151130,1243,144971,6
20151130,1243,125838,6
20151130,1246,132124,6
20151130,1246,122535,6
20151130,1248,110761,6
20151130,1248,124141,6
20151130,1250,126154,6
20151130,1251,125815,6
20151130,1251,105818,6
20151130,1253,122381,6
20151130,1254,122445,6
20151130,1255,126119,6
20151130,1256,105323,5
20151130,1256,104911,5
20151130,1256,104551,5
20151130,1256,102703,5
20151130,1256,106376,5
20151130,1261,104579,5
20151130,1261,105471,5
20151130,1263,102506,5
20151130,1264,200404,5
20151130,1264,144991,5
20151130,1266,200130,5
20151130,1267,123923,5
20151130,1267,104612,5
20151130,1269,126720,5
20151130,1270,144909,5
20151130,1270,127327,5
20151130,1272,133857,5
20151130,1272,106215,5
20151130,1274,106209,5
20151130,1275,132686,5
20151130,1275,117359,5
20151130,1275,123890,5
20151130,1278,127108,5
20151130,1279,106206,5
20151130,1280,126508,5
20151130,1280,125793,5
20151130,1280,105599,5
20151130,1283,104916,5
20151130,1284,134792,5
20151130,1285,105666,5
20151130,1285,144796,5
20151130,1287,126808,5
20151130,1288,144726,5
20151130,1288,144814,5
20151130,1290,126630,5
20151130,1290,106060,5
20151130,1290,126591,5
20151130,1293,123847,5
20151130,1294,133794,5
20151130,1294,126088,5
20151130,1294,105555,5
20151130,1297,122609,5
20151130,1298,124050,5
20151130,1299,121641,5
20151130,1299,104985,5
20151130,1301,106041,5
20151130,1301,121726,5
20151130,1303,126527,5
20151130,1303,127043,5
20151130,1305,126165,5
20151130,1306,106254,5
20151130,1306,132325,5
20151130,1308,105646,5
20151130,1309,126794,5
20151130,1310,104998,5
20151130,1310,121581,5
20151130,1312,123807,5
20151130,1313,105685,5
20151130,1313,105627,5
20151130,1315,106204,5
20151130,1316,126437,5
20151130,1317,106061,5
20151130,1318,106416,5
20151130,1319,105361,4
20151130,1320,104720,4
20151130,1321,108717,4
20151130,1321,126387,4
20151130,1321,104646,4
20151130,1324,104397,4
20151130,1324,105649,4
20151130,1326,104721,4
20151130,1326,131911,4
20151130,1328,106399,4
20151130,1328,144799,4
20151130,1328,125779,4
20151130,1328,200303,4
20151130,1328,111570,4
20151130,1333,104555,4
20151130,1334,134840,4
20151130,1335,104958,4
20151130,1335,122262,4
20151130,1337,111788,4
20151130,1338,105647,4
20151130,1338,104750,4
20151130,1340,126179,4
20151130,1340,200175,4
20151130,1340,126208,4
20151130,1343,200062,4
20151130,1343,126406,4
20151130,1345,106193,4
20151130,1345,105682,4
20151130,1347,110565,4
20151130,1347,106387,4
20151130,1347,134752,4
20151130,1350,132054,4
20151130,1351,200015,4
20151130,1351,104311,4
20151130,1353,135146,4
20151130,1353,133735,4
20151130,1355,133467,4
20151130,1356,126502,4
20151130,1356,133603,4
20151130,1358,110466,4
20151130,1358,126489,4
20151130,1358,111208,4
20151130,1358,123743,4
20151130,1358,144673,4
20151130,1363,127168,4
20151130,1364,144687,4
20151130,1365,127901,4
20151130,1365,121863,4
20151130,1367,125827,4
20151130,1367,126613,4
20151130,1367,105966,4
20151130,1367,105463,4
20151130,1367,105139,4
20151130,1367,106289,4
20151130,1367,200376,4
20151130,1367,144925,4
20151130,1367,104274,4
20151130,1376,105856,4
20151130,1377,133945,4
20151130,1377,106242,4
20151130,1379,123736,4
20151130,1379,123922,4
20151130,1379,105852,4
20151130,1379,126739,4
20151130,1379,134384,4
20151130,1384,105771,4
20151130,1384,121752,4
20151130,1386,131910,4
20151130,1386,133404,4
20151130,1386,122410,4
20151130,1386,144866,4
20151130,1386,123734,4
20151130,1386,144954,4
20151130,1386,103875,4
20151130,1386,109558,4
20151130,1394,126445,4
20151130,1395,122537,4
20151130,1395,121651,4
20151130,1395,126238,4
20151130,1398,111585,4
20151130,1398,121748,4
20151130,1400,132739,4
20151130,1400,106397,4
20151130,1400,111786,4
20151130,1403,132518,4
20151130,1403,122311,4
20151130,1405,144777,4
20151130,1405,106064,4
20151130,1405,122534,4
20151130,1408,126663,4
20151130,1409,123853,4
20151130,1409,123812,4
20151130,1411,128096,3
20151130,1411,134178,3
20151130,1411,105382,3
20151130,1411,106384,3
20151130,1411,200218,3
20151130,1416,200228,3
20151130,1416,104861,3
20151130,1416,111509,3
20151130,1416,104746,3
20151130,1416,126551,3
20151130,1421,105177,3
20151130,1422,200142,3
20151130,1423,200398,3
20151130,1423,126762,3
20151130,1423,132575,3
20151130,1423,144922,3
20151130,1423,126078,3
20151130,1423,108739,3
20151130,1423,109734,3
20151130,1423,144940,3
20151130,1431,200076,3
20151130,1431,200091,3
20151130,1431,111459,3
20151130,1431,126845,3
20151130,1431,133822,3
20151130,1436,104015,3
20151130,1436,126464,3
20151130,1436,105308,3
20151130,1439,200221,3
20151130,1439,200415,3
20151130,1439,104509,3
20151130,1439,132248,3
20151130,1439,134767,3
20151130,1439,111500,3
20151130,1439,144975,3
20151130,1446,126629,3
20151130,1446,125795,3
20151130,1448,106096,3
20151130,1449,126492,3
20151130,1449,133975,3
20151130,1449,122207,3
20151130,1449,144805,3
20151130,1449,123834,3
20151130,1449,138846,3
20151130,1455,104601,3
20151130,1455,127309,3
20151130,1455,144768,3
20151130,1455,105849,3
20151130,1455,144936,3
20151130,1460,134329,3
20151130,1460,134773,3
20151130,1460,134337,3
20151130,1460,111183,3
20151130,1460,126391,3
20151130,1460,122621,3
20151130,1460,133098,3
20151130,1460,104840,3
20151130,1460,110470,3
20151130,1460,144788,3
20151130,1470,124049,3
20151130,1470,144816,3
20151130,1472,124011,3
20151130,1472,121113,3
20151130,1472,137186,3
20151130,1472,104428,3
20151130,1472,126450,3
20151130,1477,138353,3
20151130,1477,126748,3
20151130,1477,106194,3
20151130,1477,144641,3
20151130,1477,106146,3
20151130,1477,121771,3
20151130,1477,127305,3
20151130,1477,144679,3
20151130,1477,123995,3
20151130,1486,145013,3
20151130,1487,144803,3
20151130,1488,122578,3
20151130,1488,144742,3
20151130,1488,145001,3
20151130,1488,122684,3
20151130,1488,126556,3
20151130,1488,134732,3
20151130,1488,120983,3
20151130,1488,126168,3
20151130,1488,122304,3
20151130,1497,105210,3
20151130,1498,123867,3
20151130,1499,122632,3
20151130,1499,103655,3
20151130,1499,110709,3
20151130,1499,105518,3
20151130,1499,131964,3
20151130,1499,106128,3
20151130,1499,126188,3
20151130,1499,122635,3
20151130,1499,126659,3
20151130,1499,121642,3
20151130,1509,126186,3
20151130,1509,130550,3
20151130,1511,133667,3
20151130,1511,200164,3
20151130,1511,110617,3
20151130,1511,106056,3
20151130,1511,105042,3
20151130,1511,126358,3
20151130,1511,127812,3
20151130,1511,106037,3
20151130,1519,126534,3
20151130,1519,111443,3
20151130,1521,110463,3
20151130,1521,123860,3
20151130,1521,121898,3
20151130,1521,121788,3
20151130,1521,124085,3
20151130,1526,105395,3
20151130,1527,122055,3
20151130,1527,106414,3
20151130,1527,124063,3
20151130,1527,122592,3
20151130,1527,126504,3
20151130,1532,132088,3
20151130,1533,133690,3
20151130,1533,105250,3
20151130,1533,109679,3
20151130,1536,108704,3
20151130,1536,110713,3
20151130,1538,123832,3
20151130,1538,123984,3
20151130,1538,144640,3
20151130,1541,122589,3
20151130,1542,121695,3
20151130,1543,105378,2
20151130,1543,102033,2
20151130,1543,200524,2
20151130,1543,131866,2
20151130,1543,123952,2
20151130,1543,104576,2
20151130,1543,108777,2
20151130,1543,133776,2
20151130,1551,105417,2
20151130,1551,200282,2
20151130,1551,122285,2
20151130,1551,132837,2
20151130,1551,121773,2
20151130,1551,144782,2
20151130,1551,105984,2
20151130,1551,122125,2
20151130,1551,122572,2
20151130,1551,144674,2
20151130,1561,108594,2
20151130,1561,120398,2
20151130,1561,132482,2
20151130,1561,200220,2
20151130,1561,126653,2
20151130,1561,105082,2
20151130,1561,126087,2
20151130,1561,111784,2
20151130,1561,122182,2
20151130,1561,200190,2
20151130,1561,105616,2
20151130,1561,123756,2
20151130,1561,200361,2
20151130,1561,200514,2
20151130,1561,106024,2
20151130,1561,133301,2
20151130,1561,126415,2
20151130,1561,104195,2
20151130,1579,104741,2
20151130,1579,105752,2
20151130,1579,200219,2
20151130,1582,126491,2
20151130,1582,111360,2
20151130,1582,132703,2
20151130,1582,111437,2
20151130,1582,120698,2
20151130,1582,104910,2
20151130,1582,144848,2
20151130,1582,144955,2
20151130,1582,200347,2
20151130,1582,105491,2
20151130,1582,126204,2
20151130,1582,121250,2
20151130,1582,200402,2
20151130,1582,104425,2
20151130,1582,144716,2
20151130,1582,126598,2
20151130,1582,121680,2
20151130,1582,121318,2
20151130,1582,200327,2
20151130,1582,200108,2
20151130,1582,123840,2
20151130,1582,134376,2
20151130,1582,103339,2
20151130,1582,124022,2
20151130,1606,103687,2
20151130,1606,127028,2
20151130,1606,126335,2
20151130,1609,200224,2
20151130,1609,110775,2
20151130,1609,132389,2
20151130,1609,126882,2
20151130,1609,132195,2
20151130,1609,103776,2
20151130,1609,105694,2
20151130,1609,126699,2
20151130,1609,122077,2
20151130,1609,122252,2
20151130,1609,105213,2
20151130,1609,134035,2
20151130,1609,144738,2
20151130,1609,121742,2
20151130,1609,105369,2
20151130,1609,144665,2
20151130,1609,122058,2
20151130,1609,126106,2
20151130,1609,111583,2
20151130,1609,111203,2
20151130,1609,125829,2
20151130,1609,122678,2
20151130,1609,200245,2
20151130,1609,109343,2
20151130,1609,125801,2
20151130,1634,132791,2
20151130,1634,200195,2
20151130,1634,105617,2
20151130,1634,144838,2
20151130,1638,200143,2
20151130,1638,126131,2
20151130,1638,122523,2
20151130,1638,124008,2
20151130,1638,131904,2
20151130,1638,144833,2
20151130,1638,144756,2
20151130,1638,144749,2
20151130,1638,133082,2
20151130,1638,124142,2
20151130,1638,134786,2
20151130,1638,127222,2
20151130,1638,200070,2
20151130,1638,106383,2
20151130,1638,111515,2
20151130,1638,103220,2
20151130,1638,127945,2
20151130,1638,126308,2
20151130,1638,117363,2
20151130,1638,137548,2
20151130,1638,105326,2
20151130,1638,126568,2
20151130,1638,126199,2
20151130,1638,126664,2
20151130,1638,134052,2
20151130,1638,122402,2
20151130,1638,122332,2
20151130,1638,126338,2
20151130,1638,105570,2
20151130,1638,133354,2
20151130,1638,111430,2
20151130,1638,125816,2
20151130,1638,200176,2
20151130,1638,105776,2
20151130,1638,121971,2
20151130,1638,144748,2
20151130,1638,126169,2
20151130,1675,132204,2
20151130,1675,104772,2
20151130,1677,126689,2
20151130,1677,145021,2
20151130,1677,106145,2
20151130,1677,200174,2
20151130,1677,126965,2
20151130,1677,123838,2
20151130,1677,132495,2
20151130,1677,138143,2
20151130,1677,122293,2
20151130,1677,105466,2
20151130,1677,122620,2
20151130,1677,125845,2
20151130,1677,122531,2
20151130,1677,133898,2
20151130,1677,125846,2
20151130,1677,126733,2
20151130,1677,200343,2
20151130,1677,127189,2
20151130,1677,126971,2
20151130,1677,200255,2
20151130,1677,126112,2
20151130,1698,103806,2
20151130,1698,144890,2
20151130,1700,126201,2
20151130,1700,108710,2
20151130,1700,122565,2
20151130,1700,126200,2
20151130,1700,127036,2
20151130,1700,121885,2
20151130,1700,108919,2
20151130,1700,133875,2
20151130,1700,126531,2
20151130,1700,124163,2
20151130,1700,125837,2
20151130,1700,200166,2
20151130,1700,105108,2
20151130,1713,126321,2
20151130,1713,123947,2
20151130,1713,105440,2
20151130,1716,123997,2
20151130,1716,122519,2
20151130,1716,106391,2
20151130,1716,118215,2
20151130,1716,104479,2
20151130,1716,126236,2
20151130,1716,132712,2
20151130,1716,106205,2
20151130,1716,133475,2
20151130,1716,122427,2
20151130,1716,106427,2
20151130,1716,144934,2
20151130,1716,121851,2
20151130,1729,144760,2
20151130,1729,126684,2
20151130,1729,105830,2
20151130,1732,105284,2
20151130,1732,126717,2
20151130,1732,105606,2
20151130,1732,123836,2
20151130,1732,122584,2
20151130,1732,132800,2
20151130,1732,133815,2
20151130,1732,105429,2
20151130,1732,127214,2
20151130,1732,126643,2
20151130,1732,134122,2
20151130,1732,109337,2
20151130,1744,122624,2
20151130,1745,106312,2
20151130,1745,121277,2
20151130,1745,126754,2
20151130,1748,123796,2
20151130,1748,123919,2
20151130,1748,133514,2
20151130,1751,122297,2
20151130,1751,124206,2
20151130,1751,133638,2
20151130,1754,105718,2
20151130,1755,122257,2
20151130,1756,105033,2
20151130,1757,120938,2
20151130,1758,124095,2
20151130,1759,122113,2
20151130,1760,200385,1
20151130,1760,120792,1
20151130,1760,200374,1
20151130,1760,200454,1
20151130,1760,121843,1
20151130,1760,105857,1
20151130,1760,200366,1
20151130,1760,122478,1
20151130,1760,138269,1
20151130,1760,200002,1
20151130,1760,124101,1
20151130,1760,118856,1
20151130,1760,124147,1
20151130,1760,200491,1
20151130,1760,137193,1
20151130,1760,132573,1
20151130,1760,104965,1
20151130,1760,140013,1
20151130,1760,122196,1
20151130,1760,104603,1
20151130,1760,122557,1
20151130,1760,126077,1
20151130,1760,123961,1
20151130,1760,123852,1
20151130,1760,123857,1
20151130,1760,200494,1
20151130,1760,105157,1
20151130,1760,122507,1
20151130,1760,200388,1
20151130,1760,131869,1
20151130,1760,127307,1
20151130,1760,126401,1
20151130,1760,123993,1
20151130,1760,122670,1
20151130,1760,132522,1
20151130,1760,120256,1
20151130,1760,134479,1
20151130,1760,200345,1
20151130,1760,132980,1
20151130,1760,135305,1
20151130,1760,119643,1
20151130,1760,106165,1
20151130,1760,105684,1
20151130,1760,134087,1
20151130,1760,103499,1
20151130,1760,126280,1
20151130,1760,128138,1
20151130,1760,126281,1
20151130,1760,126723,1
20151130,1760,136440,1
20151130,1760,122260,1
20151130,1760,105095,1
20151130,1760,132003,1
20151130,1760,144894,1
20151130,1760,200191,1
20151130,1760,108749,1
20151130,1760,137399,1
20151130,1760,111445,1
20151130,1760,110549,1
20151130,1760,104470,1
20151130,1760,144855,1
20151130,1760,124069,1
20151130,1760,133190,1
20151130,1760,122508,1
20151130,1760,122042,1
20151130,1760,134113,1
20151130,1760,104371,1
20151130,1760,125778,1
20151130,1760,105416,1
20151130,1760,106285,1
20151130,1760,144857,1
20151130,1760,126259,1
20151130,1760,122294,1
20151130,1760,144907,1
20151130,1760,102822,1
20151130,1760,200079,1
20151130,1760,134797,1
20151130,1760,103775,1
20151130,1760,105623,1
20151130,1760,200470,1
20151130,1760,105174,1
20151130,1760,200436,1
20151130,1760,144974,1
20151130,1760,132197,1
20151130,1760,120326,1
20151130,1760,144771,1
20151130,1760,106310,1
20151130,1760,200531,1
20151130,1760,126789,1
20151130,1760,126681,1
20151130,1760,200518,1
20151130,1760,120981,1
20151130,1760,104184,1
20151130,1760,105402,1
20151130,1760,122389,1
20151130,1760,104727,1
20151130,1760,200001,1
20151130,1760,200433,1
20151130,1760,200420,1
20151130,1760,134524,1
20151130,1760,200179,1
20151130,1760,106365,1
20151130,1760,132681,1
20151130,1760,127090,1
20151130,1760,200145,1
20151130,1760,127191,1
20151130,1760,133497,1
20151130,1760,200339,1
20151130,1760,105552,1
20151130,1760,200428,1
20151130,1760,124168,1
20151130,1760,200411,1
20151130,1760,200185,1
20151130,1760,133684,1
20151130,1760,126555,1
20151130,1760,124097,1
20151130,1760,200390,1
20151130,1877,103914,1
20151130,1877,200072,1
20151130,1877,123944,1
20151130,1877,200069,1
20151130,1877,105083,1
20151130,1877,127308,1
20151130,1877,200124,1
20151130,1877,105431,1
20151130,1877,124107,1
20151130,1877,132974,1
20151130,1877,106160,1
20151130,1877,126108,1
20151130,1877,136704,1
20151130,1877,138435,1
20151130,1877,200184,1
20151130,1877,200406,1
20151130,1877,103905,1
20151130,1877,107192,1
20151130,1877,126286,1
20151130,1877,120176,1
20151130,1877,127016,1
20151130,1877,200396,1
20151130,1877,127439,1
20151130,1877,200359,1
20151130,1877,200422,1
20151130,1877,111514,1
20151130,1877,133844,1
20151130,1877,122484,1
20151130,1877,111763,1
20151130,1877,133719,1
20151130,1877,105658,1
20151130,1877,200129,1
20151130,1877,134569,1
20151130,1877,200187,1
20151130,1877,122133,1
20151130,1877,132668,1
20151130,1877,122380,1
20151130,1877,200447,1
20151130,1877,134418,1
20151130,1877,134006,1
20151130,1877,127397,1
20151130,1877,123991,1
20151130,1877,126141,1
20151130,1877,127132,1
20151130,1877,104623,1
20151130,1877,105300,1
20151130,1877,132423,1
20151130,1877,121291,1
20151130,1877,134826,1
20151130,1877,200318,1
20151130,1877,200222,1
20151130,1877,108766,1
20151130,1877,138982,1
20151130,1877,106170,1
20151130,1877,134552,1
20151130,1877,105455,1
20151130,1877,127146,1
20151130,1877,144774,1
20151130,1877,134428,1
20151130,1877,134076,1
20151130,1877,111791,1
20151130,1877,126225,1
20151130,1877,200516,1
20151130,1877,126173,1
20151130,1877,105000,1
20151130,1877,200338,1
20151130,1877,105365,1
20151130,1877,200455,1
20151130,1877,126443,1
20151130,1877,106231,1
20151130,1877,200144,1
20151130,1877,200125,1
20151130,1877,123987,1
20151130,1877,120694,1
20151130,1877,122496,1
20151130,1877,126854,1
20151130,1877,105717,1
20151130,1877,134657,1
20151130,1877,121300,1
20151130,1877,101339,1
20151130,1877,110512,1
20151130,1877,126576,1
20151130,1877,122373,1
20151130,1877,200383,1
20151130,1877,144901,1
20151130,1877,126608,1
20151130,1877,106118,1
20151130,1877,127087,1
20151130,1877,120809,1
20151130,1877,200086,1
20151130,1877,105816,1
20151130,1877,132019,1
20151130,1877,133725,1
20151130,1877,134383,1
20151130,1877,104724,1
20151130,1877,126211,1
20151130,1877,200183,1
20151130,1877,125781,1
20151130,1877,200321,1
20151130,1877,121688,1
20151130,1877,132437,1
20151130,1877,105531,1
20151130,1877,104434,1
20151130,1877,121961,1
20151130,1877,105377,1
20151130,1877,200442,1
20151130,1877,126310,1
20151130,1877,144682,1
20151130,1877,200473,1
20151130,1877,126212,1
20151130,1877,106255,1
20151130,1877,106340,1
20151130,1877,200379,1
20151130,1877,131987,1
20151130,1877,122164,1
20151130,1877,200375,1
20151130,1877,106388,1
20151130,1877,144831,1
20151130,1877,134813,1
20151130,1877,133687,1
20151130,1997,122510,1
20151130,1997,200331,1
20151130,1997,104704,1
20151130,1997,126273,1
20151130,1997,108734,1
20151130,1997,111446,1
20151130,1997,200266,1
20151130,1997,122103,1
20151130,1997,200265,1
20151130,1997,138431,1
20151130,1997,200291,1
20151130,1997,104743,1
20151130,1997,123880,1
20151130,1997,105681,1
20151130,1997,126652,1
20151130,1997,132121,1
20151130,1997,111809,1
20151130,1997,134444,1
20151130,1997,131919,1
20151130,1997,134886,1
20151130,1997,126328,1
20151130,1997,106051,1
20151130,1997,104581,1
20151130,1997,200285,1
20151130,1997,111449,1
20151130,1997,108956,1
20151130,1997,134429,1
20151130,1997,134838,1
20151130,1997,144957,1
20151130,1997,106028,1
20151130,1997,138408,1
20151130,1997,122503,1
20151130,1997,134816,1
20151130,1997,121150,1
20151130,1997,126084,1
20151130,1997,126177,1
20151130,1997,105829,1
20151130,1997,200095,1
20151130,1997,126263,1
20151130,1997,108742,1
20151130,1997,200225,1
20151130,1997,105743,1
20151130,1997,132895,1
20151130,1997,145002,1
20151130,1997,127507,1
20151130,1997,105977,1
20151130,1997,134029,1
20151130,1997,200335,1
20151130,1997,105346,1
20151130,1997,132796,1
20151130,1997,111282,1
20151130,1997,127877,1
20151130,1997,200075,1
20151130,1997,133201,1
20151130,1997,144731,1
20151130,1997,200006,1
20151130,1997,123899,1
20151130,1997,105182,1
20151130,1997,111778,1
20151130,1997,127808,1
20151130,1997,127313,1
20151130,1997,105991,1
20151130,1997,200351,1
20151130,1997,144935,1
20151130,1997,105788,1
20151130,1997,122018,1
20151130,1997,120661,1
20151130,1997,121504,1
20151130,1997,126466,1
20151130,1997,144919,1
20151130,1997,128033,1
20151130,1997,105915,1
20151130,2069,110632,1
20151130,2069,121350,1
20151130,2069,137808,1
20151130,2069,126805,1
20151130,2069,105703,1
20151130,2069,133478,1
20151130,2069,138590,1
20151130,2069,126100,1
20151130,2069,134545,1
20151130,2069,144810,1
20151130,2069,144704,1
20151130,2069,133299,1
20151130,2069,126101,1
20151130,2069,135181,1
20151130,2069,124003,1
20151130,2069,121705,1
20151130,2069,105545,1
20151130,2069,122477,1
20151130,2069,144942,1
20151130,2069,200127,1
20151130,2069,131905,1
20151130,2069,110570,1
20151130,2069,123962,1
20151130,2069,105750,1
20151130,2069,124074,1
20151130,2069,123931,1
20151130,2069,144913,1
20151130,2069,144747,1
20151130,2069,125835,1
20151130,2069,106241,1
20151130,2069,200275,1
20151130,2069,144988,1
20151130,2069,126638,1
20151130,2069,134854,1
20151130,2069,132672,1
20151130,2069,133220,1
20151130,2069,126159,1
20151130,2069,120488,1
20151130,2069,110474,1
20151130,2069,105054,1
20151130,2069,200234,1
20151130,2069,132708,1
20151130,2069,122118,1
20151130,2069,132050,1
20151130,2069,122369,1
20151130,2069,144917,1
20151130,2069,200073,1
20151130,2069,200036,1
20151130,2069,126847,1
20151130,2069,126648,1
20151130,2069,200315,1
20151130,2069,144823,1
20151130,2069,108772,1
20151130,2069,111573,1
20151130,2069,127601,1
20151130,2069,105470,1
20151130,2069,200055,1
20151130,2069,124185,1
20151130,2069,133068,1
20151130,2069,122419,1
20151130,2069,120673,1
20151130,2130,105165,1
20151130,2130,134798,1
20151130,2130,144818,1
20151130,2130,200304,1
20151130,2130,132958,1
20151130,2130,105745,1
20151130,2130,137274,1
20151130,2130,126195,1
20151130,2130,125834,1
20151130,2130,144849,1
20151130,2130,126623,1
20151130,2130,132135,1
20151130,2130,126596,1
20151130,2130,126518,1
20151130,2130,111448,1
20151130,2130,134670,1
20151130,2130,105222,1
20151130,2130,128062,1
20151130,2130,118895,1
20151130,2130,200364,1
20151130,2130,134594,1
20151130,2130,126632,1
20151130,2130,106089,1
20151130,2130,131873,1
20151130,2130,122079,1
20151130,2130,140012,1
20151130,2130,105093,1
20151130,2130,109498,1
20151130,2130,132299,1
20151130,2130,144868,1
20151130,2130,138390,1
20151130,2130,104647,1
20151130,2130,131981,1
20151130,2130,106323,1
20151130,2130,200016,1
20151130,2130,109418,1
20151130,2130,125833,1
20151130,2130,144672,1
20151130,2130,126148,1
20151130,2130,106036,1
20151130,2130,106025,1
20151130,2130,105548,1
20151130,2130,121861,1
20151130,2173,144967,1
20151130,2173,111162,1
20151130,2173,104834,1
20151130,2173,123747,1
20151130,2173,126552,1
20151130,2173,125789,1
20151130,2173,145004,1
20151130,2173,125823,1
20151130,2173,122138,1
20151130,2173,126788,1
20151130,2173,130355,1
20151130,2173,110725,1
20151130,2173,122272,1
20151130,2173,104780,1
20151130,2173,111785,1
20151130,2173,126729,1
20151130,2173,105629,1
20151130,2173,144676,1
20151130,2173,144792,1
20151130,2173,105739,1
20151130,2173,122687,1
20151130,2173,122547,1
20151130,2173,126213,1
20151130,2173,105501,1
20151130,2197,126370,1
20151130,2197,122081,1
20151130,2197,122213,1
20151130,2197,122346,1
20151130,2197,106282,1
20151130,2197,122608,1
20151130,2197,106129,1
20151130,2197,111580,1
20151130,2197,134449,1
20151130,2197,126319,1
20151130,2197,126081,1
20151130,2197,126237,1
20151130,2197,121831,1
20151130,2197,109520,1
20151130,2197,122570,1
20151130,2197,121088,1
20151130,2197,127115,1
20151130,2197,144927,1
20151130,2215,109322,1
20151130,2215,121699,1
20151130,2215,132286,1
20151130,2215,121840,1
20151130,2219,126430,1
20151130,2219,104360,1
20151130,2219,105968,1
20151130,2219,106230,1
20151130,2219,105784,1
20151130,2219,126216,1
20151130,2219,138069,1
20151130,2219,126770,1
20151130,2219,110575,1
20151130,2219,125843,1
20151130,2219,132129,1
20151130,2219,126488,1
20151130,2219,126166,1
20151130,2232,122420,1
20151130,2232,106405,1
20151130,2232,131913,1
20151130,2232,110476,1
20151130,2236,125844,1
20151130,2236,126111,1
20151130,2236,108780,1
20151130,2236,126282,1
20151130,2240,131888,1
20151130,2241,126654,1
20151130,2242,109079,1